X0,X1,X2,X3,X4,X5,X6,X7,X8,X9,X10,X11,X12,X13,X14,X15,X16,X17,X18,X19,X20,X21,X22,X23,X24,Y
1.2524858331825066,0.4607391022800571,1.0079479483824545,-0.9327530876907497,0.25044594312163926,0.18532223967219075,0.1335785796663062,0.15646788803566003,0.09757260206115898,-1.3753141860343545,0.2733987275264247,0.019227517330123137,1.582254277796043,-0.5831015680031804,-1.8972586259033444,-0.5804720148596224,0.6380808881367376,-0.5468136535683165,-0.07507715974922685,-0.2786267205231557,1.5263352423028216,0.9981311260440066,1.0120790105691142,0.7149571863042006,-1.11165483368316,1
2.4311453758988737,0.8877979094237546,0.3301901404724932,0.33685299259336865,1.6956374804884051,-1.7564701686465038,-0.3017734782960492,0.44555578864356243,0.45802723753569813,0.21879305551221417,0.38016308048075387,1.402599944924581,0.7909626477298142,0.8137797118441421,0.29314301628841555,0.39674583688331705,1.0862741599858903,0.7423988313481458,1.4706304529615504,0.5551880665076911,0.288951656576516,0.5340097415931617,0.8215228106665438,-0.890994186444075,0.17770191726392626,1
-0.36518764108329704,0.8292123791889342,-0.02086487040221835,0.40917907081633,1.6860133186825552,0.9652904074362696,-0.9112810690414892,1.1727846783334483,-1.1553918341230451,0.7226204285987552,0.24088847827017532,-0.11437369589674033,-1.082549962142062,1.243958423466658,-1.337550636660952,1.098128707482345,1.1446081964657389,1.094225513936782,1.2927879565101132,0.5439983098757681,-2.323394878555668,-1.237534912176901,-0.0076029133716289665,-0.5176057358395331,1.558741358782223,1
0.5116199543811351,1.068167291649567,0.7617377336266641,-0.0075486540525628865,0.027739113733016185,0.4445846766329622,-0.491696845040742,0.12247661731043952,-0.699981266303159,-0.48172026903974585,0.9947221984864193,-0.44562102617108706,-0.05847605528486577,-1.1515555548216543,1.824786859083466,-0.26430500314044125,-0.2699949936786184,-2.362008738196443,0.48756492038679394,0.9309270671267715,-0.6633545458754382,0.43270853484300703,0.4335630510587357,-0.13964125831604138,0.2531288355295487,1
-0.8029418725569801,0.34391122220019804,1.7455077214192463,0.06454117705158599,2.6665255240328767,-0.6037034250540855,0.6165261377852921,-0.045929594097988,-0.06120177091037357,0.45985864501463053,-0.6667089821153629,0.48900677798800773,0.04918735861642709,-0.8196233542981975,0.7531758933936182,0.3996518687077324,-0.015229490898422321,0.9781146073156957,-0.03413463561802005,0.6309951296105789,0.666156552026843,0.07142501975429308,1.5629478825459246,-1.0407007249914555,0.38693648004885206,0
1.6141089705698595,-0.39592567477609486,0.08958265290851047,0.7544634974432917,2.0336381668930246,1.8484163697749025,0.6097640453259849,-0.17292120745892386,0.798721042358342,-1.5291967405419824,2.2389245574327044,-0.5617516053728084,1.6614738719567703,1.8798040007343064,-0.1469983111242401,-0.14894573453902316,-0.061245292436488144,-0.33244310051116077,0.4720760127344443,1.8234055457616953,0.2102222119754788,-0.2890069845206417,0.057226840245785976,-1.0057501744241137,-0.8663217546454244,1
1.6619033005670258,0.7000351434073084,-0.43901564091043055,-0.9325381274820901,0.5524098160526169,0.7254861401193369,0.6503862849589747,-0.6582719814207488,-0.7052138030805237,0.9430030607193886,-0.7704598157801871,0.8288812562415747,1.833295834805116,-1.3277010236853646,-0.5959885072900095,0.7619675445983577,-0.2561850919042101,-0.8138907672125694,1.5505992116637037,-0.695603819487096,1.033774921488165,0.7420538832154444,0.9958518343718248,2.1009550628094145,1.3157352811761363,0
0.8705283224727408,-0.24299950384117497,-0.2894502940541151,-0.37605517615675343,-0.6381832134764007,-0.06998358080376635,-1.7389196519606427,1.4020795473508156,0.681538295786553,0.8104610554180826,0.09928769473632831,-0.8885779668516935,-0.10623967786923161,0.6442511322081981,1.2027359812391374,-1.6243177136932656,0.3232000542942007,-0.24076525222069037,-0.09532487577320337,-0.09814528221468043,-0.1926050851950492,-0.1375769364324776,0.5207172835602543,-1.7854444144558321,-0.08503413434639978,1
1.1798866615898327,0.05815018436430236,2.684993657405378,0.9561234102354307,0.19951610334183045,0.25089505691554936,0.39084192674614954,0.11351173758399416,-0.7855321598349443,-0.014469060974375253,-0.9332434626053797,0.03210583333034921,2.048565111251155,-1.1630729202554018,0.09360733761588562,0.7444647965513375,1.5954113721084935,-0.4057561239001841,-0.10435517732467148,-0.47593591742482316,-0.5660108929146357,0.4382349416347641,-0.7128990367994079,-0.62889498605827,0.3101255649409869,1
-0.010810705012710864,-0.9283222797772166,-1.1343443261518271,0.377356665313685,0.42116761424004423,-0.37423750155472957,0.06776470282325134,2.6968834336556244,0.8935707988422383,-1.0331536810666377,0.7532720264292841,-0.5221642297787069,-1.4928370577656995,0.48370417175300906,-0.5876538812248531,2.1341558878506195,1.4347968969544147,-0.005833891462688853,1.1068581297517426,0.21810786262693,-0.021130229725884964,0.30652341319389903,1.4980702877569676,0.19664034457682286,0.95655591291492,1
1.6072236986943769,-0.4317469408473479,0.306344281566247,-0.6536432307177118,-0.8630313408974901,-0.9835762673443061,0.5276090721471713,0.07060706521262267,-0.8680065483398931,-0.3605442998095081,-0.1077595320628788,1.156068751982505,0.6600481429163301,0.03665686246298308,0.0038812725636796636,0.9375075991477011,-0.1797446017907841,-1.414997566308034,0.8726964626737812,-0.7942105848211893,-0.3275164243272118,0.4884236168724289,1.813192096356479,0.16034599635453847,0.9511519631886433,1
0.11579852361609748,-0.10684382001218197,-1.9810774635695927,0.26524291828374347,0.5973498976156857,-0.47515841031075035,-0.6529680529947954,1.0008273392875582,0.16842862466394365,2.050737821506762,-0.12096157390800599,0.2278577429119567,2.7903303250426053,0.4328929093522995,-0.8189538263869458,1.17100921855577,-1.4829293487390758,-0.06586777219127338,-0.13455905753154768,0.365107625670994,-0.21595382171912814,1.7718669486273555,0.3900226510749609,-0.8350687508601661,0.7613682162446854,0
-0.20451637217356566,0.5519890986164273,1.5269838208396604,1.8837606283093875,0.3303979681514607,0.5689936702395866,0.7952988147950901,0.5917515357782756,0.9197196817852087,-1.5788613865642622,-1.0189148573519118,-0.7246759167075879,-0.5960708526097516,1.8644065283296007,1.717045536748521,-1.3952583778096388,1.022989615757611,-0.42964955468680166,1.3179439343242285,-0.4353377038334947,0.5553722477089531,0.1157502281579857,0.38035554480280886,-0.25184598951143744,-0.8289364388721224,1
0.13063159952227965,-0.3708754110463168,-1.1505699005012229,1.3868566784154468,1.0237652624082842,0.4906556971907996,-0.7144097854755305,0.4502260212487193,0.6256735556991468,1.1807159425738607,-0.1543955969418707,-0.8126309980881143,-0.3644591997425662,0.6861570876081273,0.5396734829522483,0.6842034524142133,-0.27199831715167766,0.06652424318260491,1.259014861276294,0.8499855819788853,0.9389481222632792,-0.7132838105080499,-1.0612513185996992,0.9396945159354101,-1.9104775674415895,1
2.1180639614643857,1.3387277051552684,1.6326583405544755,1.563244948994136,0.17899792224370628,-1.4007941665094485,0.045715680233500075,0.11699293793986407,0.6331403077566655,0.15777052938574448,-0.265486942324377,1.5528933090566686,2.1667580255235435,1.0262229631087094,0.1021118912675593,0.6862299288506493,0.4964846919901627,0.28746826105121104,-0.05614595306477252,-0.14649117718161314,3.0688560072974664,3.1346668466494267,0.9647814164306877,-0.6066365872267688,-0.22281373603130708,1
-0.5114565448857078,0.17357414549312072,-0.438224223317883,-1.8145037536619517,0.02849417294026102,-0.08566008765874272,1.3840735046152604,0.4139211371239332,-0.3949513447317521,-1.0082667396928564,1.3390593280423617,0.12930183818683827,0.1420080243276494,-0.09266364707286878,-0.3432339018593863,0.31794032746064405,0.4102535713104015,-2.1789231458044203,-2.0409110420624685,-0.727326215876755,-1.2230339872056126,-0.22095529081507376,1.093158944870099,-0.8141093146558696,0.5441489332095759,0
1.858648540860894,-1.292367366278423,-0.15909347579995115,0.3941035316416961,-0.8196437187234489,0.4176494908378471,0.6250394660211336,-0.5375893592961121,1.214835774095083,1.3654350390532173,-0.6733132766039719,-0.0035017544295696673,-0.6857038381256388,0.5666310433088992,0.809632926090317,-2.244138186551268,0.48430614648122206,-0.794512909220923,-2.337905007221708,0.8221746368056628,0.9651809096863853,0.9644951628318822,-0.13494142884848462,-1.7970551350387538,-0.21834916696718806,1
1.1121624129212213,0.6664341556436744,2.7086738853898753,0.7054067881503283,1.4121464566671633,1.2826672669826817,-0.03063491943062746,0.2002917370367236,0.5678202523675677,1.5457895393569978,0.6309672147573165,-0.25678685180489047,-0.33149348119049715,1.8732450806694416,0.693832587137097,-0.8797800817719614,0.10355619756025511,0.36094482872036004,1.7973450751169282,0.03655051096238142,0.029098647552483356,-0.4478815351292855,-0.24617452913309903,0.30012465842339436,-1.200913071004369,1
0.09208825976872326,0.44013202274851515,-0.13630451081081596,0.9292686068462346,-1.2044766130041453,-1.0234346008157493,1.0595041300651014,-0.049896711989681986,0.5467502934939958,0.9192452382631827,-0.693771202112426,-1.3323166957795374,-2.567431784214548,0.5685485912682594,-0.31820413879628134,-1.6238083987987906,-1.1639473169069097,-0.3213250563739465,0.6226276329473264,0.22693892864941057,-0.5281843825664239,-1.2293529369316005,2.199029267984629,-0.21915900660919727,-0.8655338981780784,1
1.3192986515737655,2.0295866770039543,0.9967525562423054,1.098304349146074,0.9136270371360711,1.5596815795627572,-0.7939182436457539,-1.0785743237564622,-0.1135677675461598,0.8195966784888186,0.7128137395149002,-0.7619682388319539,1.126154118383128,-0.3362364880910561,1.0002444536226596,1.209193144904025,0.2652966663063698,-0.8728266658538648,-0.44244037551393006,-0.8395711199449684,0.22603430879433395,-0.15171387439947892,-0.897350505692193,-0.625449185436449,-0.765965541198129,1
1.1047404971724686,0.7739685836372892,2.421715201823486,2.3077437499994056,0.8025571988881359,-0.7058419158372323,-0.2823735173416357,0.5172061820794609,-0.44997004792879497,2.7681201388317347,1.021411756002826,-0.42199362295555226,-1.1566490747309008,1.094124103730502,0.5482523178813139,-1.8333829001697368,-0.11145544572276973,-0.9212529352500618,-0.43555120413758525,-0.47760834890627163,-1.0565399681792358,-0.6729464415490531,1.5268426336879013,0.5386346493719935,0.9503803549025485,1
-0.993891036687128,-1.1489111280427045,0.49527823068387644,0.6547041211208217,0.3355547153264682,2.5414557923942565,-0.8359843902186329,0.6938938219458308,-0.7158214404975821,0.3697405594191985,0.024430491802687415,-0.07558860834681702,-1.3091100845977837,1.76173889096909,-0.1519707407280323,0.43733118887500977,1.106586520232817,-0.9034570497078411,-1.036658118332269,0.14032510389979147,-0.3720261655025586,-1.7983040983067384,1.2752109714152744,1.3668599391933358,-0.23358345278761136,0
0.5498253348696284,0.23890526558967445,-0.9061719988610588,0.49002661815481585,-0.7985734369401654,-0.3920005034362589,0.08649264032271026,0.049124264752806845,-0.8395524188582638,1.2573476748943038,-2.044172859234431,0.9158841968270459,0.19215734332447298,-0.8805068452396831,-0.42305779065186966,0.9772750669573838,0.6423451812752203,-0.3467790077391736,-1.1557459763158042,-1.3009685766645855,-0.047542543420451805,0.23457989588092498,-1.4495074135329689,-0.15495667665502738,0.04535993841057244,0
1.028256684879448,-0.6824517650326749,1.4559159148011453,0.4162487045714529,0.7836547142467247,0.16746409263392686,-0.24800247522820595,-0.9544971774958884,-1.7382639055801592,-0.3693244414047936,0.08649989003802552,0.8653307024585489,0.43165115825222766,1.3692638038835518,-0.3410704547783925,0.15748267948502373,-1.1601130324277518,1.3100731788927478,0.4052749971354001,-0.20048624296532985,0.7511560946683837,-1.6003286279950193,-0.8877882501567262,-0.6579584076967929,0.04654448377950755,1
2.2607829879038235,1.3530037669564376,2.2290692764871243,0.21584143492871624,-0.21402184841764188,0.030906027936972946,-0.7121889714800183,0.5507828701882351,-1.1104759800808708,0.4205702978095141,-2.19333199149723,-0.46606472108078906,-0.8785308272867461,0.21586314315017002,0.9278868666729854,1.923504666459355,0.42973874348898045,0.7955754610835486,-0.16045903693825034,-1.334213315734049,-0.3885468317886711,-1.385170073741031,-1.3091529781289228,0.4708551202637267,-0.20871384396107212,0
0.6721845867946941,0.016782510951246443,0.7223888311009976,-1.1628373394240745,-2.9524852866950764,0.8088728070400047,0.0804472799443145,0.5486172541723033,0.4794032068435773,0.7788788211017428,-1.4788431697331772,0.03450177599417086,0.8642591040592056,-0.7299098793570062,2.183258795503121,1.7156387960797281,-0.1789184386341212,0.8365520542728293,0.47071001043871147,0.10195202190370492,2.3302231110253113,-1.2016398407641864,-1.7896793553543724,0.3212235232716167,3.628891335225543,1
2.1259229640220694,1.2545704029365776,-1.6195619676597006,0.39977302978919804,0.3581913889330459,-1.3646513727095404,-1.0142252340569267,0.3848179641095635,-1.0202068213974125,1.0862750499430354,0.9680418522707016,0.09731021385926929,0.5148811192845959,-1.2677485535774657,-0.5655162985828632,-1.848424957559133,-0.01379917532591625,-1.0493723906692034,-0.060773523028171766,0.02629711908074074,0.9276591535010676,-0.7304464435643494,1.2101494120186866,0.7403907085844356,1.7781316884721046,1
0.05680727268588914,-0.5422786303117313,-0.09885057004417092,1.166852694764871,-1.366401295903718,0.7292512339028889,-1.7327048985668008,-0.4431817019341757,0.3567492573910171,-0.3563829712095208,-1.66498832720259,0.5962773607526343,1.0507993190298586,1.8077325953491024,1.4511440103795104,-0.950457143762621,-0.36889349087162293,0.3415009528852858,0.322358555303304,0.3326962768598963,-0.23079497008167588,1.2227903890518454,-0.18444924889828765,-1.407540331026704,-0.24378974134837075,1
1.785983704264782,-0.7320623724719373,1.4862782042484017,0.8769921840549181,2.3267039498571718,0.5120219454873757,1.3414282238291522,0.4028382027603773,-0.7291024239562309,0.0995785243401427,0.46099243932875344,0.6736980691922688,-0.5341823171341544,1.0836916578162614,0.3958010923978065,1.2525151381512405,0.7382631281439951,-0.710175672141046,-0.4212893969189115,-0.7959879031611266,1.04441884779794,-0.15253035395388087,0.9381690819937178,-1.2834645431458303,0.1710744155591784,1
2.1052357358438876,0.5739419407410233,-0.4306674244564001,-0.4283926053203131,1.6912111898401656,1.0991661409517233,2.1319363522315866,0.4700881498291153,-0.29550314689558277,1.0099256864796822,0.12905717111177453,-1.1774704433925756,0.43830560651933825,1.1997996169983374,0.9641531116698029,0.5765016346579679,-0.9506666696582389,0.8036042160339415,0.746119120318842,0.21910047432911167,1.148987239488196,-1.0589732295875314,1.6495110450012624,1.1298133686280514,0.8061523425031732,1
1.270720677855687,-0.002764226290495553,-0.47761161798435964,0.6315820992936158,1.3290734359535987,1.691915707522606,-0.6841106663762369,-1.3316328610992478,0.23154928280627068,0.9296574278955944,0.1347243927200025,0.4156254146637821,-2.2326770095946946,0.9172647997666639,-0.18745091716415663,0.6342390404921663,-1.0135211036140865,-1.6742352296242826,-1.6960999774116692,-0.2614081886007375,-0.8436156329552316,0.4117993136281785,1.299320138609414,1.5970300555440011,-0.005071111048953678,1
1.4369837953325406,0.203968532405232,1.7559575612947804,0.030054887832222765,0.14787085360878133,0.3598080628914614,-0.26620122470606394,-0.3535593127603751,-0.34601917745185334,-0.4548035543651753,-0.06378753262359199,0.7515663745320086,0.5920355592290061,1.8688519010435616,-0.2946077773614994,-0.04603641186452026,0.006157117037348794,-0.7834201409473402,-0.8594695041283522,0.37990297826232705,1.1013025928426412,-0.8360824602531408,0.7626724198142666,1.6276362094727408,0.8616552438067284,1
2.1534030854724264,0.6097781524620774,-0.49123854362297253,1.0216217194805268,1.695586905572395,2.9776825875552886,-0.8713299778255077,0.5449968072221287,1.4131670937423906,-0.6865135016206307,-0.7311564233144587,-0.058101281755194925,0.06104681678142988,0.8900542148837521,0.7899777683928312,0.6631165712780629,1.375317949006943,1.0894762230271322,-1.0837833115715143,-1.5844634688916404,1.1486734970293173,1.049308266268592,-0.5789715973888176,0.6709156676019639,1.3571506768771546,1
2.0112175603863145,-0.6310882364877919,0.714358378309984,0.6951983863217723,1.175494122929902,1.7980965336990484,0.06463101568561139,-0.16834726000218553,0.2435606515048546,-1.0160095755384897,-0.7427547461651052,-0.054958178182397247,-1.0098150148707934,-0.5727742405091908,-0.5234720222772591,-1.6705165575471592,0.4363041076881439,1.8274714704495654,-0.5368841714376018,0.4120447614530155,0.46569931981026425,-1.3147696839145995,0.5158893115027758,1.1296473859207266,1.2710727840735505,1
1.335808649589261,1.475901123894342,-1.4680941016369764,0.4147171642810908,0.7449747578475003,0.40648488514029557,0.1864955758072593,-0.5619031337686986,0.09250970542128883,-0.3306738859639411,0.08213468233328919,0.8298116898317359,-0.9220441145394649,-2.2861125138750524,-0.5011322495820927,0.2683406062308875,-1.8022785096992553,1.1171892153046807,0.561059405603255,-0.3022609774350501,-1.0336859815855612,-0.7534502221791003,-1.4121238474773012,0.2815944967136371,1.5395576478204378,1
2.4058649730017265,0.555244328407556,1.2471193608424391,1.1940276852350584,2.0628912793231544,-0.8803505082535473,0.26313979908896673,1.4629617883506627,0.8930051606175944,0.0905500313823028,-0.424972878316334,0.014747144731248982,-0.44987092693423175,-0.06653110874671675,0.4400465692393841,1.1992520798305373,-0.7498226084700422,-0.13952499903407825,-0.07688135398452964,0.2628245271997016,-0.12256010791314223,0.8272647183792029,2.0324417852941017,0.7262186242762224,0.649787637645984,1
1.1809321904073962,-0.3275515060994715,0.5761841159214965,1.3413523847854496,-0.1498416067590787,0.14782865598339257,-0.5579304174304063,0.25748987672479,1.242519837408811,0.7920551597600103,-0.8007696866609683,-0.8175475800696945,0.9422718927369538,1.1553459642229458,1.4614634533501265,0.4923662249949372,0.07659327771975265,0.7347478260499855,-0.08976305918976926,-0.13090718909968285,-0.8817246870970032,0.6393802909268524,-1.2918060373206828,-1.1433136460313165,0.7317689171978281,1
0.9906925086239108,0.04879684649089211,0.40116242535163654,1.7186632247776392,-0.2342850196804136,2.248183726415909,1.6078712763860261,0.17164653852227713,0.33181468888195836,-2.0322090421439016,-0.09382483880443532,-2.006006994633742,0.04196833595634447,0.0042425163875969285,0.3436806752478171,-1.0165625932615836,-0.7878800998524209,-1.8851389535238967,-0.7190930492367753,-0.29710968071517135,-0.3358196724239785,0.5062756717746822,0.3058410213719892,1.3049118166896776,-1.2912558075251512,0
-0.1956822439258601,0.9505919113044295,0.6858813019189489,-0.161931607165397,0.5157350868337064,-1.1168384178542607,-0.7842429369528159,1.739444836031514,1.795912812275256,-0.2641646747406149,0.508954620531382,-0.015764582115501913,-0.9138109445224908,-1.0730204148173983,-0.7460543594797955,1.8229871683416925,-0.9111746694779868,-0.6669604307012956,0.4859180744282726,-0.878828523756384,-2.7584276947232205,1.1753106695818396,-0.43511926298917847,0.40243766474408954,-0.6079553759276524,0
0.8806476923939371,2.2199550798926433,1.7487417817346718,-1.091726706356074,-0.9922984025696355,1.8603691229443338,-0.37172564865065266,-1.3915062512309762,-0.21012400476271315,1.2155772586900884,-0.4772227930178059,0.859466641265778,0.6189523091300213,-1.3287864572794903,0.5644333926525159,0.40288787944821797,-0.7962906213622265,-0.3135847599765532,-0.5827229313064626,1.284484567800531,0.8781395417205846,-0.722189554059631,-1.622581535804995,0.4001609847878819,0.09260413434976755,1
2.4156089004234254,0.0827857937358531,-0.6314518701532703,0.3145726676466857,0.6350657015733281,-1.422257614210232,1.906104399540724,-0.35300872896342406,1.3360546793048809,-0.29927917663878034,1.5730809542394923,1.4779499008454406,-2.5050424798575284,0.14334741094281384,-0.6822906618977025,0.15758607136147212,-1.1935017868506503,1.8438162072577988,0.16894024428686658,0.5483592392111282,0.6317871785177203,0.1028091776797935,-0.46759139940697036,-0.3379092126766904,0.3068560987299829,1
0.5260377497537674,0.7264380071279164,0.9525560396384785,-0.5971379650064789,0.013589859593311826,0.23903238162427454,-0.5697756806472065,-0.31916566160895143,0.13203283316846556,-1.7071863243619838,-1.690155470083401,0.3545157941247791,0.2140536661134017,-1.7188266315721301,0.8833912719297967,1.1165520368069357,-0.056297610568456904,0.049034871820823084,0.4236998666248414,1.4521173874860944,0.35305126151525007,-1.0531503750528104,1.2831468482966388,-0.5415765391984515,-0.16317986966501888,1
0.08138391215517171,0.0667078021110884,0.16654389989151402,-0.5267430188943143,-0.5927043325977548,0.6001752162442899,0.7619579948774773,1.653151664726825,2.0305478135359434,0.20104323758483153,-1.641855733050362,1.1348046022573524,1.3824785235616064,1.0388530961479336,-0.30356665116490616,1.6084776495353692,-0.3488815044341635,0.8523346274095801,-1.285593640083853,-0.08301096392967884,0.36127255180098594,-1.561353475925588,1.3514371118033628,0.9185640875090174,0.0852563479090471,1
2.1375507158804092,1.026657835736589,0.23812044306276983,0.41779874045580967,0.6255925450815711,0.2116172105107954,-1.0669811643981486,0.08003431950496132,-1.6899295447137024,0.5642841348096332,-0.045705205406709276,-1.1282176993655726,-0.4821731096905501,0.7140037468199829,-1.7929594113122134,-0.9767865247017977,1.4758718377359026,0.9936495770751561,-1.0436989700154309,0.16994809736633193,0.025041005006676775,0.4006167084164229,0.5733837744091955,0.7304059567570304,0.029638570727653926,1
-0.2310925540700372,0.1839407824346372,1.4594440692598312,-1.211815402152394,0.10876498303097465,0.08800829326809995,0.5470520832839623,0.8026059757666293,-0.7278107618439402,0.5068306138955728,-0.14543500058609402,1.0593721680638717,0.35631882182664715,1.3754536957530987,0.6252901486387564,-1.1894667017906013,0.032379133546193234,0.01857288079107864,1.2609359770215904,1.5267495335228856,0.5190735604027119,1.350808813418592,1.3910583521556759,-0.46190007325909976,0.37568629986187957,0
0.9160196532799817,1.1687889408983603,1.0231093571334904,0.4081538056587237,0.26487214187787067,0.010843121640673747,1.0861896684882844,0.16465675723555329,0.5693608921730462,0.38751438822203277,-1.0670770019755063,0.6733049848673636,1.409508268032203,1.4005919478023006,-0.40822599499510265,1.029708409412756,-0.19723922881218214,1.2966356775455852,1.8690145090543524,0.45035629548085615,-1.5118131231259877,1.0843086789723704,-0.5986310987385239,-0.13565919653869388,-0.5531427952896575,1
0.9637344168231254,2.704037944726595,0.6155683081038754,0.4252744084494872,-1.1586489983149562,-0.8165357783896066,-0.1487380418220186,-0.15534358432726264,0.9275635199176373,-1.0932600636118923,1.6168427201841264,-0.8130359956660344,0.29818403979795616,-0.7143181200840236,-0.9361208626486637,0.6735770292514736,-0.609474473385874,1.747458897826295,1.0119528017312622,-0.0005158277568924063,0.6692126635493336,0.3325401359097086,-0.08789270095862023,1.576649632276553,-0.03634697668357754,1
1.2743996116856002,1.1873699351054507,-0.3361521875249414,-0.6165019058207895,0.31448074432146234,-1.4180480559953117,-0.04568057236678076,-0.5971411771847227,0.35786065678147266,-0.9073040875054512,-0.40372926775934886,-1.1224267730187674,0.9326786945650636,1.1587818175603435,0.11031447087595478,0.9719574234860916,-0.8004300792713237,0.9746160301229383,0.3290831640327823,-0.5993178074917771,-2.2328756254115287,-0.07472790473896068,0.8891421254975824,1.6934129511851432,-0.5442144070020821,0
0.6951747127150205,1.3644565450928163,0.4389997234009815,0.055723916895403236,-0.6060311631563675,-1.8172991698466625,-0.9068600211061786,0.07589165149674973,0.027899204911066178,0.2379674984211603,-0.05488233829860742,-1.1144903447130055,0.7638727023865048,-0.8166635337928391,-0.30693235677680625,0.3244968757386892,0.9454135214331018,-0.4755856350302723,-0.567253497230011,-0.7495887421536758,-0.1864117505837851,-0.6186041392443846,1.2895920351038932,-0.9832951012443883,-0.4361796421929575,1
2.386049030521395,0.5589524771907769,-0.492266165644417,0.4302558729478078,1.0990795793534414,0.08817097863992522,-0.38158756220567874,-1.094797840444516,0.704116250902773,0.6494535068882884,-0.0024611014157670252,0.15381598343305886,1.5054632128413523,0.6079057269160619,1.1629977125544106,-0.8914593650825335,-0.6073992568936536,0.5755668879308214,0.9611499518799136,-0.22063600229794078,-0.6300066879382336,0.6786709108737166,-0.4803378985383433,0.9096928760479875,0.32355679848996877,1
0.7167329127115685,-0.9314892481312713,0.5292469010220889,1.3748836516215754,0.3957032096095775,-0.19133843762884004,-0.14553670114631695,-0.6461602228263092,1.033278491978547,0.12578549463728245,-1.7162623142574271,1.6087090252453085,0.1960472775435949,-0.010574617883562787,-0.2941578764324065,-0.13482610154044075,-1.1412998217327979,-0.41525311911397844,-0.6402216005452102,-0.16360695797765024,0.44636895452604675,-1.0798087270351486,-0.9838585192854219,0.8226527005635569,0.623199101159209,1
2.3087555116659755,-0.5239452480659409,0.8655469472269423,-0.3460131912899329,0.5683826462690714,-0.6255827051265619,-1.1039523414514074,0.8177855539473342,0.30529797353290294,0.14932555958219199,0.5840569878872663,-0.4775794959075209,-0.7240271436500471,-0.6328262848587716,0.1257225219711208,0.294411475873349,-0.15976000729010303,0.45390399586370506,-1.6138868141711502,-0.2995949639912004,-0.12043308672431685,0.22577559917407147,-0.014884986606656176,-0.30483341023538896,-0.6110296294693692,0
2.925398558554265,-0.3701711667696118,-0.044996458056072275,-1.6067243115301908,-0.852511238164225,-0.7840080987810313,-0.8768041877347634,1.1251994818371953,-1.283095939282908,-0.3316027360538596,-0.4588395768157528,-0.24514933876535888,0.3869946883569784,0.14916432196158894,-1.4801836251377662,0.18150108983663416,-0.36111779769924207,-1.2252575104961907,-0.6856519088594046,0.054793833789156726,1.6515814523896444,0.6964047343847011,-0.9356799951540516,-0.6409698248657993,-0.3505858028957455,1
1.2964897232814598,-0.35111641024046625,1.1547521543928418,0.9667597340448073,1.3167945856215308,0.6731866996796448,2.257572806707079,-0.2640137051996909,0.6837025135167412,0.8604659776617053,0.6812817617172433,-1.0415447147423504,0.31510639150058056,0.004926666700636989,0.3553549197563609,0.8295136980437869,-0.20768300317275912,-0.7838333733488987,-2.17682024696151,-0.9327799019785732,-0.31461835158208457,0.010792458880112876,-0.21794424206132976,1.206258276425453,-1.3869846697121966,1
2.345912143314316,-0.648365509492695,1.7722120783824173,-0.1336039071877289,1.6636354001695914,0.7807342441580877,1.534995274527943,-2.1577667049584757,-0.7016360799440635,0.9840287960109748,0.10755627805977946,-0.12976009225662405,-1.0397869632305474,0.007231083756959189,-1.352962377797688,-0.6987182564586201,1.5720844123680333,-0.46816787153031836,-1.0195478568688003,-0.34959997180960384,-1.492032679073036,-0.44872594260332027,-0.44139490482377275,-0.18577404978753304,-0.6018014222371658,1
1.0019060828849007,-0.2315929039601664,0.7940112065722542,-1.7668726223021465,-0.41687145846912127,0.06573770992255071,0.5117599139094162,0.07849024704017904,0.880157069849,-0.7462517420215208,0.7093344150823737,-1.1910354439829745,0.6094412689527398,0.01371177693931816,-0.8930106213424136,-0.2643281568435376,1.4260694055177179,0.5865209852290403,0.657050029545043,-0.3205497488715864,1.4453408859856003,0.17591691951226918,1.1070494525816807,1.403650647892747,1.435154242637396,1
3.0916989874681406,0.3215353375753577,0.7980069951736152,-0.8151844533792172,-0.7156490964383904,0.39644594354397894,1.235855657631601,-1.288272799127462,1.539838063369555,0.9851329139438887,-0.2135818849435601,0.3311416823898292,1.14834187963296,1.259001017104589,-0.700768935675029,1.5245294673188776,1.3555533505477024,1.7224847028190071,-0.6243103725791992,0.7314464281549974,0.6235992671115627,-0.4926513918723379,-0.3851015823181859,-0.5942848743564502,0.6789132882480734,1
1.8435328359575736,0.8098334636307383,0.5545767345817846,-0.2780423531024796,-1.0419689363545876,0.5927532727113213,0.33408202962674144,-1.197769806881961,-1.622595015154972,-0.5300686382063066,0.2656879661766539,-0.1858200649734429,0.9836129581831929,-0.18019574626297544,-1.2297116964460801,0.6756018577705016,-2.0591118217477984,0.059118264727431286,-0.4788859745856829,1.0525756510127233,-0.9340496792271307,0.6966837986703767,-1.8088252587851157,0.9945005660622956,0.9157440934134353,1
0.6269237318921203,1.585941244641047,0.8527851622819556,0.4111674366326804,1.1611542872403822,0.3668955811759391,0.4099518844421414,0.45647485018725764,-0.08912756973373548,-1.6333353402536748,0.27850090218746665,-1.70389004024093,-1.0310545889208322e-05,-0.9320358359853966,-1.389510993711179,-0.2586021337811749,-0.6768265424944151,2.7653241462598506,1.4073365333420513,-0.6772216151219519,0.44169415335990253,0.9180300437757858,0.2591415122124682,0.3831669645744203,-0.3641663969263083,0
-0.5510062054771314,1.3585428125361532,-0.940128247211286,0.9637900215978473,0.0563286745696715,-0.14134631751286056,-0.26160831836238707,-0.9876729601647349,0.24190724092235683,-0.2335953711167393,0.5629788867502599,-0.7870299050003868,0.3447124326355389,0.8000909114263546,-1.1851609047836924,-0.5795844693940696,0.5618466244823148,-0.15644703865589507,1.1190439540637889,1.3706610449794892,0.4738458859292858,-1.4050346557990097,-0.7631067481429586,-0.8351160427520189,-0.27169107900309897,1
1.3745559311432811,1.6429662460804135,-2.1545260837357145,-0.8564596087816925,0.630345646159048,-0.7803427504034298,0.1335037186064986,-1.2318841387482642,-0.4517361513028088,-1.3907654825873137,0.3873142161901072,-0.8792855890902289,-1.9492326158216413,-0.8195560557688325,1.2593940159999613,2.0817089786728316,0.49556985196269965,-0.6720631869795796,0.9947152495617022,1.1601039556683859,0.6238687884345879,0.40019392228490425,-1.8864520735624277,0.4177040058163911,2.073983267396815,1
-0.896758979654728,-0.7342654257391432,0.5187452508479337,0.483304601477191,-0.227336748614904,0.34398040986917533,-0.8962016333054468,2.009686552521309,0.7586332337637915,-0.8444887364531558,0.45362741673915363,-1.521402046752946,-0.9262145984193066,-1.6106004478166545,-1.5271052598758879,0.5517871045547589,1.169575276210834,-1.8510509163169477,0.28490988513762405,1.722415186625713,0.27727425274360085,-1.741275317221687,-1.4398316028867328,-0.6258577608128219,-0.00763698163541314,1
4.057012425077218,-0.8936227634441853,2.5984496354501694,2.1779979654384207,-0.6178344958702824,-0.515251034678932,-0.48175751284780527,0.515305779752236,1.0359681820887783,0.9962147230907161,-1.065291720368378,-0.9427982033646237,3.168239242370496,0.744008965977715,-0.5056565882685901,0.6031567055888745,-0.2338825233352092,-1.1510794404962428,0.34445284486343936,-0.3138910920873487,0.7680247155684434,0.0035724044738851546,-0.7677058271884338,-1.0612111782080207,0.32792600745540584,1
0.6841772897523215,3.015828658226802,1.9246508311938377,0.16667767294201513,1.2133020978970779,-1.2702154486797979,-0.3299233042186866,0.09319130313225261,0.028618530641283127,0.3938046351004524,0.06395320700254709,-1.4184037899311974,1.9420593039819916,-1.3524187146392281,-0.7727998182296739,1.534877141581278,-0.14539538362862509,1.3653937734123418,-0.05337042856063001,0.4133232123353364,-0.6950167664261588,0.7954978877692219,0.9671975245970792,-0.38181194919403305,1.2666320653419387,1
-0.32032517762249474,-0.6982769832962092,-0.7529581312359468,-1.1209790466590348,-0.9576528672692199,-1.4565921563252269,0.29292833279506086,0.8459022686190287,-1.081377900530158,-0.15131516530973982,0.4942998264219518,-1.4827062909905497,0.6315658870351248,0.8953478980701722,0.5176402215308474,-0.44452602097951377,-1.6724729740326867,0.3987023482086571,1.4784597455643902,-0.2442931320875244,0.1432961549874188,0.9974080575827801,0.8304915508414068,0.906784983342462,0.9578515811270379,0
0.4075240572019263,2.7407341995475645,0.008498356883626601,-0.025417864811034918,0.9685399167783655,0.03583441412616328,0.3283634938420398,-0.23217114212925577,0.4694199201068171,-0.34221531037578923,0.6900416911548832,0.9310758656200052,1.3258225820000502,0.5267307005860451,-0.14765032367989156,1.099400741510011,-0.017352401524486125,0.7985176788907187,2.3078956475308474,-0.2672628856876162,-0.42452677272183986,1.2236858856521675,1.1997505947378202,0.8973664246044293,0.5671911835936468,1
-0.9359038165349651,-0.07146302717169302,-1.6365641243181073,-0.5759378221603101,-0.08640759313843982,1.776927891873589,1.9019753826904433,1.04110155246295,0.9128825677841907,0.12192455285795893,0.869344449991959,-0.2337975974400579,-1.6700718114151143,-0.08260396921249188,-0.374315672140795,-1.8681856376457067,-0.8255474983430828,-1.0030834364581604,-0.3124312097871118,0.29653114022168836,1.1464208999971053,0.14103039761696293,0.05070112559559964,0.24961683644367605,-0.1205530757240137,0
1.2969379403627395,1.9462824072562586,1.5914322997376686,1.1957067568273336,0.04266478984790051,1.9865948979950458,1.1622007760456343,-0.59749387870434,-0.7519442217348831,-0.33548643553631985,0.29120953402100747,-0.05239473923225178,-0.9668533508676047,0.2745807367634756,-0.548674195259673,0.4101092051389075,-2.211884754801024,0.1474874465729842,-0.4725635047883883,0.8278122826596541,0.9226472477092174,0.5101887672321982,0.6473245592623075,-0.9527725576315339,-0.2719470408220839,1
1.2367274092707015,-0.2889129565605615,1.8647202567162606,0.8729901554583015,-0.9329169149340069,-0.6016486609089041,-0.035597829713942375,-0.6556093969399729,0.18678133869144456,1.7127000912307797,-1.849578002103504,-1.7321243493363738,0.7780225835132581,-0.08940510120402029,1.1047396058210368,0.2721532535050748,1.0187374140153598,-0.3610671271899222,0.037800391502770064,0.7635168585508609,1.5912826680675516,0.4316510501873471,1.0687102885581379,-0.5736047449446959,-0.9784497095846918,1
0.7519604073635937,1.9076232715288597,0.41342000080793373,-1.1707434793715448,-0.9426195304483032,0.8522648435898199,1.239292099461827,-0.38348831474776257,-0.5321935345357236,0.18384814437829794,0.4702615675378614,-0.5780347384044832,-1.1359998647899634,2.0780739646672974,1.1877865728027939,1.3617526686075077,-0.5316521044545035,0.39796489591256556,-0.5254178710870605,-0.010535211634582972,-0.5998787076365719,-0.413212647176817,0.5009125667022335,1.5769868624740482,0.3955773001001307,1
1.1184269898204269,1.6665271093903653,0.6753723733656954,0.792189761641151,1.172295162961673,-1.0951911601378315,-0.9924352974154698,-0.7871076661626439,-0.04005481156617777,0.24727597670355292,-0.5329448613931607,-0.23890137282114016,-1.3463315006841055,-0.6932342208248767,1.0532663881784945,0.46066994233853537,-0.22960387281832012,-1.0350870380779216,0.8926632032819128,0.8281443489527371,0.15505570215015174,1.746327767936589,1.4133551264493072,-0.22699335262431672,-1.3484666769206155,1
-0.20873559386373153,2.23379250644709,-0.26103889514814116,-1.6380235658061297,0.42311515351548573,0.9748132804310771,-1.6758145106811777,-0.3509769424710177,1.0155335366997984,1.1999357656624636,-2.363322355396513,1.1621849067460173,0.715852937006269,-0.8225002889023707,-1.1636769656557853,-0.7872713729102038,-0.37876307482457383,-1.2859562483525968,-0.8077434985670557,-1.7030956590899966,0.13129963324280508,0.42622450657168826,-0.6011790277820391,0.9084493392850111,-0.34470591470182443,0
1.447352636488057,0.6382272550712784,0.9838541191685575,1.74767115765045,-1.809987042058166,1.002855467766495,-0.9294482136899895,-0.2382819209382656,0.3871515492415026,0.2476159828544248,1.9092311402180067,-0.1406944047648067,0.7587138552035948,-0.9147220240318913,0.9464357717826368,1.4831696526794493,1.274059084230255,1.115848104723004,-0.8246982843795081,-0.26322158196286205,-1.2320842036225812,0.8606874897771656,0.17588331674504035,-0.4221299066902913,-0.8792407079683524,1
-0.7412347163531142,1.1335195889246186,2.363203087723096,-0.7547983731648209,1.8401625210087322,-0.29073950232122175,0.6766254120815542,0.8718867911577644,-1.1814169299328554,-0.8111968928632225,-0.5415375375736313,-0.2409315251188679,-0.35508447146729344,0.24021442330251264,-2.207073245946098,0.06322560164718707,-0.09789073009020738,0.23469984167753868,-1.2320658803774964,0.20138559374387807,-0.3048727566709838,-0.8280284207208461,-0.07979285411815953,0.5969703824917356,-0.016404737164945064,0
2.3305519410871884,1.278177524339645,0.16620268277848765,1.0265429179173742,-0.342575974472711,1.5071229849480374,-1.336621715685391,1.5524606049375045,0.08388625714114495,-0.06829058655606476,0.21873290632939077,0.27288102958123295,0.19752152809426743,0.39415872228453674,1.673456789198306,-0.19127123960820558,1.0046095175003438,1.25486527810882,-1.6798247783313525,0.8188009091692161,0.23434892493828557,-0.9004939167658219,-0.27361732536166206,-0.05063667928736163,-0.012515327151052004,1
-0.19803299311549893,-1.2258688905688593,0.8067010104608047,-0.03464517056298705,0.21876349521682759,0.23168592661719617,0.23646287012920192,-1.262488429009773,-0.26639001437090315,-0.9089759703758334,-0.6589760049278102,-0.5429297061814949,-1.4939525758060561,0.6035446768248879,0.7221820005921625,-0.2189133465000514,1.339378268968202,0.42408155652470947,-0.6280309240690858,-0.12293017451788409,1.0364604595109759,-0.3649399194997563,0.5056144347442246,1.6508408313928356,-1.2261219695977048,1
2.3737534695846447,1.3813149515536844,-1.618007537125024,0.2040743229719909,0.1094985578334783,0.32016976763284083,0.7288261470758264,0.49624241107225114,-0.3560531974574421,0.09445787752849638,0.9034509322543026,1.648734215674032,-1.0592750559718092,-0.2806284961540355,1.6888882404034355,-0.9656849637857867,-1.3592848894059624,-0.7371325482404555,0.5187663621990284,-1.3541472443419238,-0.4828221382846773,0.9820674072951735,-0.4135678551046681,0.17718924704577374,1.5391907543231405,1
2.4457199334725823,1.1103179462846802,-0.98766231794294,0.8211873437886782,-0.9372011822340758,-0.9209019673465851,1.1370598287724323,0.19805312624662946,-0.308539404771845,-0.3137012432475901,-0.22792288994426294,-0.3933425180056161,-1.2720591086194202,0.4986106878960167,-1.1647867279935809,0.4348854746796669,1.046973699376373,-0.4315941235742208,-1.3766706843437688,-1.589846545064821,1.105701731557416,1.1660334922143258,-1.2088119106648922,0.9229875197437303,-1.762144088460515,1
1.6777297031701752,0.10594105509628082,-0.16231360459494898,0.4722249382753369,-0.4741774620632944,0.41967161745806936,0.7784135284084963,-1.1592511549585907,1.4606833118400586,1.7154138088094246,-1.5506452137198359,-0.5520009436974526,-0.3611384269404696,-0.8484925570174914,-0.041051749947377106,-0.15876082195143096,2.424890207982115,-0.5916351337158792,-1.418683109201981,-0.045504646841688326,0.267890405690363,0.9037800263250533,0.3180844212228393,1.6779534990071396,-0.2633284769242532,1
1.6708395903330677,1.0755964883729998,1.4812702378417266,0.06004614651558307,1.2272481133086126,-1.2471752113676295,0.03823237897842102,-0.1806556272578449,0.323958595237013,1.2711380673205903,0.4361071288782201,0.8845442833281282,-0.3281026932642487,-0.01013930515051989,-0.549615446511274,-0.20444688720779758,-0.2072233057718441,-0.17247389812632807,-1.3492052833685875,-1.5733865895773045,-0.35574692502829763,-0.5277778047951401,1.1521190745750565,-0.3111348889476344,-0.8713148239577557,1
-0.37246981395911427,-0.09443441481787851,1.2516738966915404,0.31480528898617977,1.4579403417733883,0.22107855802936205,-0.3698870806630113,2.6356269702082256,-0.5564981008442198,-0.42512001289983903,-0.40205388609584347,0.16309692300321327,-0.4683444470489388,0.013685933599433958,1.1882771470724849,1.472383768988591,-1.7708545090998509,0.3458461726667149,0.31713382928899997,-0.18335145603177366,-1.2172659232585972,0.4319087733965405,0.39855098361273,-0.2274826342843224,-1.140412744822443,1
0.6561187538444747,-1.4477033751689277,0.8369934543270148,2.046801975706243,0.5861787258001584,0.3449500171916089,0.33829700131783114,0.7068215543558496,-0.1552453331207051,0.03545881425627592,0.5241659956588286,0.7718600074052704,-0.5397402130245768,0.049530472382619296,-0.6497695275762684,0.1396080888105803,0.15135729996779704,-1.0100047067716895,0.0403809325978894,-0.019368347530064167,0.7391000590107035,-1.4894292818927424,1.665800555175366,0.18757521884903394,0.32774577242247016,1
2.1314215601420647,-0.8350225078192668,1.6071461399839595,2.2175743349033135,0.7212188115987848,0.4998530385226846,1.0977888747169662,-1.5147447512244325,-1.6912426789270627,-0.8615766169564826,1.4826586948900877,-0.019951522541565223,-1.0013624809208095,-0.7124970261187495,-0.62354159386799,-0.6800791090945701,0.7318340218086596,-0.2947192727240753,0.44985510879463536,0.19373065659003635,-1.4702767748236147,-0.773341825567479,2.510559430264245,1.595220141287046,-0.22648103939797168,1
1.2268585412509914,-0.293959045040581,1.2187549502216148,0.4004540578640702,0.563248958752079,1.7155106898809753,0.1643982196126081,0.23139215530810803,1.1853001758277693,-0.9128046326724909,-0.7734435129660747,0.5076979037804042,0.21007117651435275,-1.5527061070041928,-1.2616802884247158,-0.27663707080781896,0.6941410317399924,3.845350679026453,0.17709489099830017,0.28502287545633787,-0.724226176702534,-0.10642989676467766,-0.12523114997790155,-1.0130983657749069,2.284769119183394,1
1.6331698095551213,-0.6374922494400828,1.4926812541114969,-1.1622345269132979,0.5338919270270457,-0.13969347026852896,1.8233913703220002,-0.4030174653610234,-0.9357908615706663,1.7975445543841069,0.3920927692379444,-1.4479569433705992,2.0959452883058156,0.20363024995398177,-0.9075835291388578,1.0314156421224736,0.23348754563126012,-0.34938959836149586,1.1564418938261607,-0.80840390768314,0.3929301583720153,0.9655339821510891,1.351991031905432,-0.918969693119864,-1.2700666710634516,0
1.2196826989768221,0.4258461385655468,0.6243990571844019,0.6768790327778498,-0.014784564127481664,-0.4075339559057185,1.626291754005367,-0.4394366728980107,-0.026138635491213397,-0.9923229883493748,1.0242848565529967,1.0418409377327724,-0.3126538406433999,0.11264697248613975,-0.6394646518346098,0.1406079961984551,0.3186718060052933,1.1402817294464433,-0.31821330785772756,1.5224352543937583,0.13175678973444677,0.542176327330287,-1.8557412333831225,-1.2680896785721432,-1.1029752027547717,0
-0.4468588450192268,1.1552889721456787,2.3810889219564717,0.015144437694856572,1.184078283229866,-1.3204973436026324,0.42307396232675454,-0.7714996571222735,-0.21405315113614692,0.07176359635568491,0.4019697729230455,-0.6179817013951822,1.27108415056372,0.6217172662750265,-0.5110560927563068,-1.312913193575881,-0.8573129672851212,-0.2818762336947698,-0.17501928379454165,0.7751314622982778,-0.6545875773540148,0.4655526817975784,-1.083945928204827,-0.7301255196042588,-0.2612024708789383,1
1.8871774418644205,-0.01968571231973193,0.9587551122666813,2.1045813332931127,-0.6369994847707563,-1.1322300881882432,2.2530880599980425,-0.020754563543454008,0.623964327174859,-0.8210096814060945,-1.13856052539628,1.0707432083175168,-0.5349521791398189,0.11773659068117018,-0.8020194889597246,0.37054123580904413,-0.34946942657861113,-0.3425137738720839,-0.260217424647949,-0.38995554053730747,1.2208475182650933,0.8397225113301905,0.8363015640105088,-2.4751342730089654,1.1143493921243126,1
-0.15483468659925603,0.5915590450744653,0.716304556409864,-0.2535777244395079,0.24754223565469796,-0.1667151691855455,-0.18792714181482306,-0.460768962381377,-0.9339067263610772,-0.4301633017009874,0.4128276703818806,0.8725288874501069,-0.7571688457869419,0.003916287786245004,0.2353059823840118,-1.1548051838367195,-1.2877430636550178,0.11960370497834683,1.205788161037171,-0.2930926737424779,-1.0616724428642144,-0.604197900617024,0.2430598680027245,0.8570037712550734,-0.33347514274358764,1
1.4865381063039687,0.143352287605295,0.6195112055680743,-1.2830810971120008,0.6551742514552158,-0.9397124606413908,0.29536938988384687,-0.663765940055478,0.22189020383479208,-1.7537176335741274,-1.341379066101062,-0.09865244223317061,-0.44066935535844326,0.7152314496313421,0.7324977466558122,1.2725096525459492,1.2706216730399809,0.8292068126743646,-0.8943814502398613,-0.03345633155133999,-0.0807665055195724,-0.151871835543124,0.8151208443636078,1.2590327771518002,1.2666221563452504,1
-1.4502138805025064,0.23218615233484527,0.20859159781446115,0.8218300168717316,-0.06022854747891035,-0.07624126189834185,-0.43217700399973313,0.6573939553168332,-0.22734545967311307,-0.2886061149812397,-0.4431895731689528,0.22994364540321757,0.5429186820929847,1.2217540676231176,-0.12081738608235282,2.413651414938582,0.7550289098057696,-1.2339934189672657,-0.4707127102704371,1.4547945722935083,-0.5318048222764313,0.8194991084662305,-0.7118310322733183,0.6623120201679261,-0.5719150588520199,0
-0.698914207843205,-0.5324334563603101,0.9211132719673524,1.3081751097421093,-1.297824664564738,0.0258570467647396,-0.43895808428392497,-1.1955124866149633,1.2195153269378791,-0.7987563541475928,-0.2911316905319183,0.6788468974667442,0.3359803331514471,-0.2148224480874073,0.5782165741225108,-0.9610334493787331,0.730228150159782,-0.6660116876838498,1.0376623158623157,0.39944039787409547,1.4869177648389464,-0.7484490437356867,-0.015590786611807544,0.1531022021275523,1.0025016967683686,0
-1.7768354867588654,2.038779086633289,0.8527692658768045,-0.978506662938583,0.5567074902411855,1.0997497701806247,-0.2605581826262257,0.38815856979909685,-0.09890056196411895,-1.0932853416411994,0.0758805736732494,-0.343595962691065,0.5191544313880545,-0.9489616432470893,-1.6359598390750796,-0.11685547323087592,-0.9190718192409925,0.8144228437138434,0.5075860986070346,1.085000837305805,-0.05118848936268311,0.4520276571923321,0.5072621837302547,0.12686953323018302,-0.7091683236989522,1
0.1988852067876945,-0.6343141358195794,0.95081911836918,-2.096712188084512,0.5592723335516355,0.9743362980163769,2.86183045760248,-1.1877744307244122,-0.44116231340945233,-0.2982662975363376,-0.3362861169231386,0.17007110012431545,-0.06351410488081921,-0.8836126014019368,-0.1471186949637522,0.7779792810244099,-1.1553599599805207,1.210833243721316,0.21293743846194302,0.1819807004000854,0.6891138048647416,-0.829654712630879,-0.02063652157013643,1.1242308624793118,0.048323774012941065,0
1.0126353083904505,-0.7154997339851914,-1.3661211470260846,-1.1062280601450705,0.8787932393210247,0.7766847453436357,-1.5548535599504871,-1.2224130169777532,-0.006955622130855432,-0.5075536721045074,-1.33755175722877,0.15366698870738915,-0.45559543990958823,-0.844252851342298,1.704402440765925,-2.0375170243613963,0.34027258233879115,2.6936807327314183,0.09111290456282675,-0.02966529206011842,-2.2761159901059673,0.8860788221418512,-0.10580159737448613,-0.02358219795316934,0.5017448322029389,1
2.6179073949305853,-0.6819445950558203,0.010052211489889717,-1.0986972552503467,1.2936560346148906,0.4575538089258928,0.007349564833182665,-0.4489003297114824,-0.3044701641583964,-0.024187095492174765,0.21215277891869325,0.42866871309737126,0.8837256063844341,0.27878010850254287,0.45995871510407127,-0.5927805007356515,0.9398779141247185,-1.091201316041176,1.3398131585698698,-1.1907177956133554,1.4122777345440174,0.024197629555013686,1.7222287450978069,-1.492773470548158,0.07464313780690301,1
0.45408015109711,-0.22646633358137824,-0.04540203495670042,1.7993382807646694,0.7938962422688047,2.916629180030335,0.29838445340295566,-1.1071293145038072,1.080919342250665,-0.47013741924192687,0.9665216270589622,1.1427314487794786,-0.6745656346332678,-0.6604755176745685,0.09611419071639253,-0.3280650527211685,2.254901624504964,-1.3702455606344293,1.9903604627944727,0.8268882960914146,-2.138285052909856,0.18066506960853745,0.9202660172387982,0.42214273370504746,-1.8663306451565767,1
1.6906974484910822,0.38052346745791044,0.12324417642507643,-0.3931086965884869,0.7102131363185726,-0.9265582031974559,0.7223639709660441,0.3007716935242089,-0.8806334861476888,-1.7659903392532574,-0.9273014228731576,0.14243704867952584,2.2091957811506404,-0.26811275020612335,-1.1286043811204134,0.3389463901422242,-1.1217984846767788,-1.1395818292190096,0.9233525416689341,-2.3949411894673203,-0.7005383878418046,-0.1050002413713023,0.15092940550927575,0.19312229944640333,-0.16619906619687425,1
2.324701875288561,0.6304306671091646,0.8919447141015613,-0.22282415939413303,0.9828725663564675,-0.6186154260912117,-0.36816866126489617,0.19126295605059818,0.18869836855109104,-0.39979705081591876,0.8590510050579142,0.7241327902092672,-0.3341347422105558,-1.2801171859650138,0.38734487748817187,1.1613642449323298,-0.5629297821876179,0.19583872234247227,0.6611622833765471,-0.5488180892908259,-1.703046708214394,0.04302912087693303,0.6967765566290064,1.4014123329086239,-0.5948220482932721,1
0.05196416057857478,-0.03060463761291854,-0.3744931139610556,0.4786512502660544,0.6978545087326056,0.32275384739365354,-0.004406092162991593,-0.4137913433271234,-0.04775845335257711,-0.26518962896155995,0.818647140985105,-1.047495255198609,1.0347680739353715,1.6134197002179698,0.33847874255074517,0.9530675590225699,-0.38563538269839825,-0.4430691348051472,-2.665310752331193,-0.05442307614615295,0.33136769851950193,0.35073151973764016,0.20478043176706046,-0.03476970658714391,-0.6508070630965775,1
2.0514941437315795,-0.864094596590089,-0.6449735442913835,-0.07015467848294543,0.9244970749288319,0.6270434035047852,1.1261438236975807,0.04968793167627707,-0.9718346865310008,0.2908418595571999,0.6876742056541494,0.8703261746206605,-0.4542229218365082,0.4630495202142074,2.736889824159858,0.18421997574895052,-0.9774922218493842,-0.6242196289200849,-0.6404674149315046,-0.6355926484276597,1.0171758137605267,0.652931463236262,0.0984902857784867,-0.1089951236625687,0.8968928874683803,1
-0.1929088709014406,-0.21535980556620582,1.146782452701536,0.8563241435049762,-0.15748915339786468,0.5327983886061433,0.46287605366215273,-0.1077346125688653,0.3136786650096604,-1.0550202553661399,1.583750518247928,0.002602581587685407,0.09868148967069462,-0.19584555917946597,2.993665404920133,1.813527527619346,0.3751242844173694,-0.6055805903915041,2.520021951162746,-0.13423772644057957,0.9585715141827571,1.2425684611424903,3.390114652751203,-1.196050377045296,2.022867906355714,1
3.055398588898378,0.23483004302010907,2.0008191812246148,-0.02498190994534305,0.8231808806812235,-0.316584186247745,-0.9289563360332325,1.3745510054835302,0.05392197554113316,0.5877428936311303,0.6066437364571102,0.48357571697515783,-0.5185145374387625,-1.6724920910037,-0.8319421005336737,-0.5319806625434935,-0.1492194853323499,-0.06857972912578225,0.1532950227823373,0.4796072920546513,-1.0936951025305186,-2.1053275043776374,-0.5077996470055123,-0.2547368434923871,-1.346757313021756,1
2.9022633977452474,-0.04322461222513063,0.8778283936967588,-0.18979921927822335,0.7764754365253328,-0.6858822797853537,1.179044690958545,0.5681518023721045,-1.5828518753757763,1.53734694302276,1.671473772600905,-0.7734589527343663,-1.4629799306599673,-0.9931283828015183,-0.12104047642989406,0.712361025234262,1.5122670007401102,0.9157884488327096,-0.11664590012097437,-0.4458342430183842,-1.5451169003444292,-0.12337389407076658,-0.6475036088927008,-1.2161781903450826,-1.4542469465495684,1
1.8958775773966814,-0.48552531438209,0.06365443508367874,2.2278209886643165,0.06188198727725633,0.5137641235311697,0.7324949207538696,0.6413013060760114,0.31201799395839214,0.24541335436327427,0.46716767269783666,0.04133874177373949,0.7768336279172665,-0.3816616588879249,-0.44296443759977433,-1.685062731513665,-1.2503103822426027,0.9100224521374152,1.2524923944700683,-0.16799558785298052,-0.9423290299467566,0.22098197906370365,-0.5178491484886927,-0.31472055472264254,0.1822862963878937,1
0.09139038171070835,1.6105173891694344,-0.19112214027915048,-0.3139134352106815,1.2699546932451475,0.3054716189445241,0.25599895882958795,-0.7875802928065175,0.4940842444414682,0.0751624596924623,-0.30111175815326496,1.237471150847708,-0.6275391133743355,-0.0740316784033738,-0.5283993276794918,2.018671163314749,0.08419165906099073,0.6251473198068977,-2.6176171468856846,-0.9672195014438749,0.37881346805472255,-0.1729243840594588,-0.6462760995605983,0.918697874122528,1.0361831681225249,1
0.18371965822006112,1.4112966090540011,1.3037379429546347,0.21639800098341155,-1.8870051205580216,0.32869213404610376,0.3349755513878214,0.48208449879501625,-0.5593984857277321,-2.325232309711794,-0.1575035681229148,0.5417410367550397,0.07489288667836524,-0.3625612966629046,2.8137489127516337,-0.598627149444056,1.2434993981325086,1.9179567548385077,-0.844757528872161,-0.5702880341259751,-1.7743524560673585,-0.2938234743109079,2.994079734969205,0.11273244551098514,0.5312749922257904,0
0.5830412692900251,0.059220859487617905,0.6060457799600956,1.3722102886021648,0.32944974525866244,1.6131339142710135,1.3671162066993074,-0.11054825900540588,0.8441811219216746,0.7951051739236153,1.1014667705453793,0.19951478970520758,-0.09646149276772276,0.21859577440847766,0.8287363437600423,1.4069406317234088,0.6251467844128021,-1.0684744745272912,1.6924493983247382,-0.7418035644049512,-0.8505726752042253,-2.4710464439247906,-2.219528251293391,-0.2361106381374463,-0.30720684165014606,1
-0.17230093834200486,1.4256400040328612,-0.6882299564665624,0.2247542218488445,0.924877805643251,1.819534850047772,0.9478441999716543,-0.25864328128164704,-2.051040894728243,0.7693812583603872,-0.7695801460088059,0.6777713737190783,-0.014789701812828682,0.12395559707300918,-0.2921457689385595,0.47842289057537163,0.4808786244293701,1.3795969650839575,-1.4829667565120357,1.614611863164372,-0.3055122576994809,-0.8377532954139094,-0.6203884921926717,-0.15410057953451864,-0.24426841210675998,0
0.2634376335218621,-1.8074811436794276,0.8176793249488957,1.3765930124568178,0.8020651363474469,-1.0956618649188476,1.444788978777124,0.19838929780347397,-1.6152308798284931,0.22056962494561577,1.2552935225258226,1.501086718374272,-1.0714424868322145,1.0179678821046036,-0.20975011239875402,-0.4064174025432022,0.4440896558443916,-1.673825629375804,0.20295841505292508,-1.395253692038097,-0.5210021839814036,0.3098866659099477,1.8068110803490962,0.16279746840947626,2.040155509536449,1
-0.15547313061286805,1.0775819930420525,0.6193961791603644,-1.579862197927049,-0.7466399045572987,-0.05609810700848275,0.47999129223749615,0.7394120239132251,-0.06759358124675346,0.565069259691242,0.9282529146132132,0.723076160645179,0.46883649358761514,1.0856747300624696,-0.031037735906254568,0.5796275630021294,0.4161315113353944,1.5411396571193323,1.5484023090508363,-0.2730152687798903,-0.5929519280498332,0.07938218150556889,-0.4029225882255987,1.1738797482409353,1.1344064635976696,1
1.192526818492767,0.4747779572102685,0.9234107594734602,0.06057472014498003,0.11901165685586021,-0.5201318531138064,-0.4537773715643289,-0.6627723605415403,0.2882879056803034,-0.21259847936907192,0.6303737747303523,1.517858232035733,-0.8950265862369564,-0.8887528129385895,0.5470129462457936,-0.5327318353680564,1.2665477374614456,0.5470221666035348,2.3027851266481965,-0.16166823337915265,1.1977366328268226,-1.1953084674752346,-0.4263815209277515,-0.4662405720758968,1.6476452546556688,1
2.9552074831729227,0.3962042896556669,1.383151164032211,-0.6390118341052831,1.9777422524087986,-0.3252606032117469,0.4259372805679489,-0.8180149850582715,-1.2916859591528718,0.12050061166596088,0.35021320513950105,-0.0426314018909555,-0.6939424011383994,0.3774373068497052,-0.5726244768073473,-0.3586744451439371,-0.39801175410528744,1.4043261973924974,-0.43907325686141385,-0.535996425311997,-0.5685722880845998,-0.1706599512877161,0.4711710125616321,-0.349422106686778,-0.14003745041599341,1
0.6653275054603977,-1.8359799672265902,0.27311424283657115,2.3181147712273047,-1.048597834728548,0.06072561535462545,0.1050648570354078,1.2187021626636807,0.5080031070853765,-0.37742076784507766,-0.5922585601060582,-1.1917812766397935,-0.3535063089431611,0.1718746840843286,1.5006924017825172,-0.5172201001237349,0.7668159950317177,-0.7487909285957557,0.7892331532729955,-1.2461092618052443,0.4489862740706603,1.044176482773091,-0.23907237537850307,-0.34263376051351707,0.6911328773968418,0
0.20618624340855762,-0.10204903541503585,1.0205456547044776,1.8975037578365817,-0.3254993467991249,2.103087419562982,0.7969399744529104,-0.8795154818834652,-0.22512861558335912,-1.1465788322812855,0.30055649019744446,-0.8685760958406855,-1.028515437036254,1.1543722929280709,-0.9378030105937933,1.7774095676209507,-0.10156894746233842,-0.04525808641447335,-0.05850282502200935,-0.7505130091675218,-0.8155159455351557,0.7019100025070386,-0.15156222018465446,0.3279718562543395,-0.01379685492023626,1
2.327446600268106,1.6730133822025322,0.14220248336172858,1.9445796726416056,1.0562591306126041,0.058047563158214244,0.16728243492080763,-1.2920031871880342,-0.18725915947016114,0.14584675067925149,1.9700041389835747,-0.5997348251846802,-1.4538148565745401,0.9023627871783512,0.5216075021940653,-1.1053736981385835,-0.5899648339094835,-0.2566097596367487,0.12560674678089437,-2.455670902093109,-1.14999923644108,0.7557262866494872,0.053986031733659456,-1.6500547525438016,-0.9008165705471651,1
1.8132767548182085,1.0454996825206062,0.8927483014382476,0.7055203357262202,-0.5737554979861739,0.5694032547333627,-0.03182076188350896,0.3875774862658975,1.4586208069687812,0.2077293024762054,0.5666440280203568,0.12271251077400692,-0.20706060545898114,0.4093585196758346,-0.6930735035313609,0.11524000193924844,-0.3986729706639176,0.6973809750356134,-1.14638312865932,-1.4586456416123335,-1.990993768931116,0.6419437282915041,-0.0950556252346256,-0.542872776031041,0.5863308738994152,1
-1.0244175610421746,-0.5462735734676214,2.050107978007487,-0.8854041065478162,1.457611870716653,-1.396873723300266,0.9383947601005014,-0.4191491255035671,-1.1824387954292757,0.16366673570890475,-0.28707810731676753,-0.010291941726556494,-1.4205421207455013,0.11872621343425277,-2.228372907737357,-1.0201623895971126,-1.6053718563798363,-0.6026753964351662,-0.10698187533144635,1.1710160810008645,-0.6113881222148114,-0.623034652659906,0.24862236221327264,-1.1213681439491676,0.53677043972312,1
0.7823958351378528,3.5342693882365186,-0.7340070379613037,-0.20991103193200433,1.482808431690126,-0.22414316871390075,-0.42443702122916743,0.16179712407884603,-0.4358929433449313,-0.7935256585062881,0.009937781918309019,-0.3502596921353502,-0.25934456803204536,1.3366139640598078,0.5355845011673742,-2.3067150516703316,-0.06564092399078396,-1.4400123933763285,1.2300994934731384,1.6632033812661209,1.3598208119219115,1.3632078259165838,-1.9519197308871115,-0.8369603522950653,-0.23525594462959606,1
1.2098827461891999,0.341299133563522,-1.5440468125677438,-0.3920834255704331,0.8714710957565157,-0.40684018513299164,2.5176526017322534,-0.3993245759792697,-0.5773442507837262,0.15792004195644466,0.8024604612274826,-0.9458092403461232,-0.49755975230192273,-0.6679637074047783,0.3245718795086556,-1.785275125422293,-1.018876349779018,0.40973911806762014,-0.17188549925750968,-1.3084827656338762,-0.3317308604791997,-1.2376390073987213,0.14753293791065902,-0.415305677745653,-1.830473283948426,0
0.8151985258538246,0.05105997854302091,-0.022509705406560415,0.5459357823048229,-0.5797065363711089,1.2870780675177258,-0.5413627740074385,1.1778240545000427,-1.3813652431670704,1.1974512303907512,0.8544670238188418,-1.043266793210032,-0.3231977494316619,0.5794278332987791,-1.5544431840838802,-0.5022016314795619,-0.7784541014307027,1.2953766825928497,-0.18169695312134748,1.1730286757642516,0.6613977300031493,-1.0054370715909222,0.4102122063424731,1.6529325994374804,-0.24253395673394268,0
1.7390426304699942,1.5312016436793103,1.0797809339704152,2.3118298654401856,1.1697630329886823,-0.096194300584279,-0.27503784403213255,-1.652630682267414,0.06912926583511236,-0.6917859766113544,-0.64754875198448,0.4634080305273804,0.022108951454823084,0.6285708194559179,1.140583690276168,0.5275141287433944,0.20182741757525302,-0.47876678370592185,-0.3695734534349376,-1.7777528893474812,-1.5715071916538668,-0.3142087993196424,0.8973285250837346,-1.3830053161046834,0.09388891814055603,1
2.3877345492205633,1.2222367746136282,1.224566244120175,1.3837011156080432,1.6464511164925844,-1.7433054544609432,-1.560611895143049,0.7937350672090147,-0.47137873299535765,-0.6731094297835188,0.3688259882385133,1.169581478065922,-0.9898202064237425,0.11375550230741745,0.2686473814160961,0.07965148346044804,-0.2894188543492556,-1.2203334622097255,0.32166083945367213,-0.8348619373494724,-0.9209029737331358,-0.523901334937521,-0.4303772228103824,-0.2919943584306528,0.3759659843352788,1
1.2027807542389177,-0.6727485306189742,2.0955997376547626,0.8132070764170294,1.162669024717268,-0.369548170222573,0.48322968666212246,1.2622316299135434,1.2668098684440436,0.7931561818645959,-1.4665600014294382,1.0009509482392385,-0.7188964535040789,0.08251383173938254,0.038069579817689506,0.5700783472308057,0.5901794858682594,0.2168217369045527,0.7255562920053076,0.8298527752312517,1.322465498939838,1.060092552351082,-0.6031319398799724,0.8348279983121327,-1.2257828718089037,1
0.38453889739671127,-0.7340408528326541,0.21972180793665247,0.2517457049164272,0.177146758971987,-0.33541351104279415,-0.436961299333993,0.32154310812446235,0.15935797814712244,-1.387548740569579,0.9803566788891551,-0.8167418051601874,0.8321029218898275,-0.6184990265674233,0.8849857014400927,-0.386258132529116,-0.5704443284903978,0.25554609028678776,0.7495475666600355,-0.8457471138291871,-0.6906446465805696,0.3265875756183604,0.5426323791723381,1.056761328084018,-1.103237768975117,0
-1.6396813637399756,0.5848095296334048,-0.43959492147382945,0.540133230511173,0.3640063704237199,0.34241431024201385,-0.04718720861387757,-1.4044226564902467,-0.46913502489374653,1.4748195960923791,2.2390508320531137,1.231485942866021,-1.4849284247403551,-0.8713579795925863,0.2505226051003503,-0.20396340274885918,-1.4244203728888025,-0.4813560739290903,0.10132515425820503,-1.2387864984916346,-0.30830669403322497,-0.9827351475682348,0.7937541155989073,0.23533747028356572,-0.031988971100728195,0
-1.3848948818372047,0.40783862443593877,1.6464906072705563,-0.8632056234799839,-0.7149938757308811,0.5571087711244328,0.8631778895125526,1.5997085092923262,1.2160124489415454,0.7583024646137502,1.8751661467335052,0.8161661132402569,-0.7651011830298662,-0.8666593227081401,-0.13516000914889936,0.4826135233603992,0.3789753083224032,1.1855939944806844,0.5850632198075565,0.758123427502618,1.015383594107519,-1.2151161978027114,-0.5418445255376189,2.3232542766529516,-0.5716827655543967,1
1.422647485997457,0.7625552224780432,0.504321055852955,-0.6668879219530811,0.8060865276076921,0.3205524941237171,0.12644512559616494,-2.4007948356199176,1.5000770716942644,-0.12458446147290378,-1.163508540987682,-0.15817371438423083,-0.15259096484605555,0.16476425561897515,0.7791879162844461,-0.7296886882446906,1.0619548994198083,-1.3117945831388373,0.8486132103861317,1.116739757775424,0.34751348673428645,0.2252846492948113,0.36807915649659484,-1.0792669907316832,-0.14033294808706023,1
1.0250793570183838,1.522696809169557,-0.18975228922703308,0.6497247871655409,-0.4615411405153432,0.07898678653239366,-1.3093705647263394,-1.7121764376772635,-1.4645571184030257,-1.156981025594991,-0.297828348773191,1.3518567843799552,0.2844767839980623,2.2828739353051457,0.6835295787825411,2.3190520869886715,-0.9322749843373815,0.44978980437560906,1.996093078558276,2.012249110430112,-0.7411620196337407,0.6947984806988745,-2.5190744806741936,1.2082390273978916,0.022127685471601044,0
-0.02270380918900572,-0.46376207036004824,1.3178320840416664,-0.06044623224807455,0.7789513800736181,0.7440128984338045,-0.12565947015862822,0.6100973374110633,-0.7653991000563647,-0.3984679933862686,1.0688269322448154,-0.7988914108359588,0.7743805345593975,1.036403184388119,0.3279206903111605,0.5748252435458563,0.5874424737932864,0.3487140360185905,-0.7389653531614073,-0.7477956505102431,1.3542597130987812,0.033072608071321216,1.6675096806688392,0.4555295658551907,-0.9439364333869431,1
0.7226306921089239,-0.5910757409054327,-0.881830423808497,0.15820281759416088,-1.1895710676652338,-0.4501977572082929,0.5685341062140037,-0.6264677645786487,-0.5028143112812343,0.6421399038506515,0.8138213525974617,0.014416569448050615,0.16306660935256193,-0.8669375121486125,-0.062193630977422476,-0.8645694367321934,0.12580556027333728,-0.38677784372504687,-0.5248115258102464,-0.08961591750541321,0.2588618797133758,1.4131953568430426,0.13535418879545247,0.3280892367201567,0.1021211351663237,0
0.5242430678956775,2.27108195015835,0.7210310209664554,-1.4211805069385455,-1.0680977059896837,0.9199443720405677,-1.5471141681230711,0.044533853176543126,-1.7556888110288764,0.35385223800288856,-0.22069174861919008,1.50418480981535,0.6505555285509608,-0.03998680488719461,0.009859135764451535,3.183783360349792,0.4225375474039793,1.3223921043704865,-0.9465541748194195,0.44429563070893274,1.4681827077611156,-1.3988085213310502,0.5210105469621434,1.370456637740345,0.6310218329089989,1
2.1319254452895913,1.349788290151734,0.38989518272520424,0.23690715198722012,-0.07178552088110074,-0.884073896945727,0.1428098549213156,1.0554282045475971,0.7670737955870779,-0.8974971282727908,1.3826694128589283,1.617367682766577,0.9257904850058578,0.780867229851166,-0.35454071401258097,0.5624517018148582,1.9359724582091407,-0.5710492099958777,-0.0660012407238742,1.5684239604882342,1.3960121196109752,-0.24465473199992122,0.4594330825965205,-0.905561340220115,0.030265309962770267,1
1.3797997505336739,0.6023064442024346,0.3642387065791411,0.21508442749789786,1.0948089559755578,0.3018259212571055,1.4208899378031739,-1.3467633730410355,-2.2274812431008115,-1.5336889328219019,-1.1358129411326796,0.07159801647524308,0.5954524125325814,0.2585846783268346,0.18913119092174205,0.7123679120684452,0.4921558968984795,-0.2794071255359831,-1.6345580309266223,1.0579902138627315,-0.41634810214691237,0.7511005624868787,1.492640399124275,0.5210322814225875,-0.20658216566556456,0
-1.3926183096803648,0.8106309454206639,-0.1537664493012324,-0.23425831463825522,1.6128581799215018,-0.3678066396963587,-0.00806542569834201,-0.005197514790514057,-0.514789213719665,0.5153104931863992,1.1125120392143555,0.00723773942327105,0.15708355120186346,0.9694239771587887,-2.135470614168352,0.6635081955350726,0.5336530615691251,0.004681465809861923,0.001125749729712744,1.7952394218140384,0.7493496359882977,0.6438037149724779,-0.4518680823505467,0.9043429517708297,-0.028229800484583574,0
0.9853493223729343,-0.4651198513122906,1.5921176226311649,0.5136409367843785,0.3669504384161696,-0.5552916492419082,-1.1881244479623954,-0.4148694314330085,0.9927534407922967,1.098925116857607,0.1913414794698023,-0.43751079540986,0.23490911465571288,1.0577274324894932,0.43943674357106366,2.3131276991669965,-0.4842948851561282,0.013533407186421376,0.22339459369106182,-0.429122470418976,0.04609136145304296,1.798105137348344,0.678307389992404,-1.4842426421408321,1.1607799196228965,1
0.9864249451190351,2.9505617467902145,0.5211413405987861,0.4732939771253547,-0.018554778606118788,0.6742744338075045,0.9133142212192349,1.1342992833875771,0.7141853969789846,-0.06996411668012673,-1.4583773435111358,1.4539996916750548,-1.1266490393344895,-1.0528136096854428,0.15448888605528088,0.04599072893742068,-0.03393701952712898,-1.7033137613013583,-1.5101127280835243,-0.900980404787174,-1.686794963230098,1.1362381038333411,-1.167896565344323,-0.9027161900631253,-0.6247654137045753,1
0.08896489738880353,0.9362286865964875,0.9238427944200533,1.4689021084809386,0.11397393647238421,2.0983131750082933,0.43968675884013403,0.7062498018183954,0.7255852709050212,-0.11358410255010362,1.060130207983467,0.005547018509621235,2.2600242352620867,1.9887162860209,-1.1865817675389638,0.14208602586744642,-0.4429477931074166,-0.09814632406344262,0.26191697452651047,1.1791735187467385,-0.8639101723255285,-0.3226386632772447,0.47365320251741916,-1.9645331551698122,0.013053980765109448,1
0.5092819104962851,1.2517315286657502,-0.18779052024292003,0.71969227801576,0.05704417844512677,-0.09653164568543474,0.43152899219598345,0.09204171149913096,1.9288395507292422,0.7584464985725781,1.110142147360912,2.371200847859608,0.6338913631221827,0.43161737578463044,0.6569501347955807,0.9279719446063097,0.2961894598730546,1.060511799693284,0.7122164168615739,-0.22849336655086372,-1.1208487167990477,1.6399307173045448,0.5634262080458405,-0.2945261169204695,1.6978927828893617,1
1.736211296854914,-0.6841209299692541,-1.4382941851021032,1.094778561175475,0.04847269625556161,1.4242696723898258,-0.30570113143032196,-0.6056862464325856,0.046158059585354544,0.6263003335167884,0.05317796702656169,0.5217868676873487,-0.20422757981828193,1.5484460118932464,-0.1427442229982428,-0.7610827253381529,0.34291518103740537,1.8535472050616146,-0.09242940138481559,-0.28001979801991256,0.6986874848866971,-0.7284575718488884,2.0583759708328295,1.37724463281796,-0.9086136240077071,1
0.4803411663590236,-0.11976678694119125,0.7864638550970107,-0.14366610629488247,-0.3655395203431408,-1.368774865808034,1.2876035448161538,0.4569549187109188,-0.8110495441382,1.3890862649249252,-0.9817366485042339,0.022760398481137187,-1.7759413668767712,-0.16590997132864402,2.028863925859691,-1.003537151016965,-0.22322087566726978,1.3890887876925286,2.0708276668493184,0.8817563148821758,0.9118816280198263,-0.7827107352004022,1.2766490563388015,-0.261533481816123,-1.9652921947974527,1
1.1969395114835397,0.46128995816219504,-0.6278183420141576,0.9542133346513175,1.4170261933226036,-0.9660493012107599,-0.07188440105822194,-0.6998707615550606,-0.002482183097668872,0.08429661137284086,-0.6821861237688089,0.4385181504641989,-0.6230979012411546,-0.6101589519837006,-0.493914000277633,0.5289760752239846,-0.5020570365921786,0.09188978527139217,2.2872558319810725,0.32569288033781424,0.115235410801925,-1.6370735052645669,-0.5572188949217258,0.7558220648972245,-1.478691519862971,1
1.0400720490325759,-0.3394923497239183,1.4243321736410897,-1.5625897260164217,-0.31278544049866225,-0.20809157645917303,0.7051043918012125,1.3178193525072013,-1.7835457265119767,0.4254269466330445,0.45316370018001156,-0.7695666565199958,0.07267309025667493,1.8294782309716648,1.643244093349798,-0.037262709025765284,2.161006498042866,0.5812350249963183,1.9423431513243972,0.07449184357426372,-0.7142911508402251,0.6083114203519709,2.5466744699580546,-0.022255503652656,-0.6270196469485214,0
1.6014460542722593,1.1276835579461917,0.7368077292294745,0.5323620124441182,-0.7079219685819553,0.25112842223865117,0.17710935333713923,-1.5608339138376537,0.996788014486913,0.412174943020421,-1.5713083732563637,0.27921232015011804,0.6886262465263224,0.4564107054706058,0.7375707546981748,-0.49086730134844414,-1.7751067127160105,0.20480495136465737,2.0850234879532294,1.3523940756485704,-0.9867409302000671,-0.1165665060442961,0.27937696528911876,-0.6698622592379828,-0.8891569435069834,1
0.6057594307220688,1.9540336700537868,0.5277421732088081,-0.7375301489340388,-0.5916303245031549,-1.0881125473786037,1.2999487323980345,0.20848847423814104,1.7926473705854478,0.16383331601903642,0.8742876876216373,1.3780702466314936,-0.22564303483624643,-0.20189029943334755,1.5574336730461418,0.34305221185033363,1.4412768503049798,0.6861984205184757,0.17578274385371476,-0.8531856132631841,-0.313940258294976,0.6119122170819342,0.8570716248157988,0.37004619126594457,1.7262133213586934,1
-0.7855122502878676,0.2771701651851645,-2.5415556138387316,0.34700675298976913,-1.456128000197418,0.8570971194017977,0.03985143542013525,0.1929393441366955,-0.38479373879593287,2.0316151587070364,-0.8767470289367782,0.299487977645358,-0.8754629382281177,-0.5807866862525318,-1.1993366875755607,-1.297889779948096,0.22969447300118306,0.954859940338028,-0.6080723698039919,-0.05072990836830943,0.008764680154230375,1.3826243964691396,-0.3757400562003572,-0.6053933299815953,1.5749113776962063,0
-0.9596737738823038,0.344799388608002,0.2658552803322201,1.6761931058455468,-1.9447526595964229,0.26445196599825593,-0.18656547561218106,-0.879325970784531,0.3463010283413684,-1.4409804973694005,-0.7303250857815275,0.10196015898201881,0.2989588960023388,-0.5233308828319303,1.1038429911055374,-0.7653274605748452,1.0384084691989484,0.8500203658641808,0.5709092059909934,0.7911641908253433,0.8402760945634449,1.2379640835604104,0.6300033506419025,2.9227575927883054,-1.9074523189623844,0
-0.8713102371986576,0.5429362825129708,0.9146903224373348,1.008570098824113,-0.8175254025905931,0.48508816774612873,-1.3559530153655195,-0.3782810167601074,-1.9756924112578615,-0.4244194159071276,-0.7447093854352737,1.080831780882306,1.5947204709927112,2.0663261966309956,1.3438535027969292,0.10205536177615865,0.6103611085599374,-0.015198672427155252,0.0655219479879233,-0.6203783819294195,-1.8793357956226264,-0.46306525336088383,-0.319497141228532,0.0165361834268093,-0.49508674659250257,1
-1.0095518705423516,0.5380088549801878,-0.4591519098791568,-1.3783532621653372,-0.7049943016777946,-0.5727908569674917,1.1927369043563059,-0.796304323414738,0.00713967975880489,-1.1406191955835527,-0.010314555785522303,1.3432955119203727,-0.6629286274180932,-0.04789865375026133,-1.83114002776453,-1.8052611447122686,0.7652667923806356,-0.5738992476612924,-0.5729572218887543,-0.8360231559958898,-1.3253266669130968,-0.9591456998872043,-1.5421367196288258,1.0141724982860685,-1.4691524509176566,0
0.3845385666636913,0.7633265151067048,1.6319022834866246,-0.6851665254254455,0.6166391672445237,2.058437726859982,-0.7468355733014629,1.0628728997381434,-0.21622695462794092,-0.22173128356265426,0.5730375594220942,-0.7585734879914217,-0.24189790840849146,-1.4872363745038126,-1.0779897669568512,0.1978916288563537,-1.6090991947146798,0.2527081468626037,-1.9244082067927033,-0.49865303706246605,1.6508275389918725,1.6523960701456113,0.7090731309027682,1.0434802154854703,0.34874091792600836,0
