X0,X1,X2,X3,X4,X5,X6,X7,X8,X9,X10,X11,X12,X13,X14,X15,X16,X17,X18,X19,X20,X21,X22,X23,X24,Y
0.2524858331825067,-0.03926089771994293,0.6746146150491211,-1.1827530876907497,0.05044594312163925,0.01865557300552409,-0.009278563190836642,0.03146788803566003,-0.01353850904995213,-1.4753141860343546,0.18248963661733375,-0.06410581600321019,1.5053312008729662,-0.6545301394317518,-1.963925292570011,-0.6429720148596224,0.5792573587249729,-0.602369209123872,-0.12770873869659527,-0.32862672052315567,1.478716194683774,0.9526765805894611,0.968600749699549,0.673290519637534,-1.15165483368316,0
1.4311453758988737,0.3877979094237546,-0.003143192860840166,0.08685299259336862,1.4956374804884052,-1.9231368353131706,-0.4446306211531921,0.32055578864356243,0.346916126424587,0.11879305551221417,0.28925398957166293,1.3192666115912477,0.7140395708067373,0.7423511404155707,0.2264763496217489,0.33424583688331705,1.0274506305741256,0.6868432757925902,1.417998874014182,0.5051880665076911,0.2413326089574684,0.4885551961386163,0.7780445497969786,-0.9326608531107416,0.13770191726392625,0
-1.365187641083297,0.3292123791889342,-0.35419820373555166,0.15917907081633,1.4860133186825553,0.798623740769603,-1.054138211898632,1.0477846783334483,-1.2665029452341563,0.6226204285987552,0.1499793873610844,-0.19770702923007366,-1.1594730390651389,1.1725298520380867,-1.4042173033276186,1.035628707482345,1.0857846670539741,1.0386699583812264,1.2401563775627449,0.49399830987576815,-2.3710139261747156,-1.2829894576314465,-0.05108117424119418,-0.5592724025061997,1.518741358782223,0
-0.48838004561886494,0.5681672916495671,0.42840440029333077,-0.2575486540525629,-0.17226088626698383,0.2779180099662955,-0.6345539878978849,-0.0025233826895604827,-0.8110923774142701,-0.5817202690397458,0.9038131075773284,-0.5289543595044204,-0.1353991322079427,-1.2229841262502257,1.7581201924167993,-0.32680500314044125,-0.3288185230903831,-2.4175642937519983,0.4349333414394255,0.8809270671267715,-0.7109735934944857,0.38725398938846156,0.3900847901891705,-0.18130792498270804,0.2131288355295487,0
-0.8029418725569801,0.34391122220019804,1.7455077214192463,0.06454117705158599,2.6665255240328767,-0.6037034250540855,0.6165261377852921,-0.045929594097988,-0.06120177091037357,0.45985864501463053,-0.6667089821153629,0.48900677798800773,0.04918735861642709,-0.8196233542981975,0.7531758933936182,0.3996518687077324,-0.015229490898422321,0.9781146073156957,-0.03413463561802005,0.6309951296105789,0.666156552026843,0.07142501975429308,1.5629478825459246,-1.0407007249914555,0.38693648004885206,0
0.6141089705698595,-0.8959256747760949,-0.24375068042482284,0.5044634974432917,1.8336381668930246,1.6817497031082358,0.46690690246884203,-0.29792120745892386,0.6876099312472308,-1.6291967405419825,2.1480154665236135,-0.6450849387061418,1.5845507950336934,1.808375429305735,-0.21366497779090676,-0.21144573453902316,-0.12006882184825285,-0.3879986560667163,0.41944443378707585,1.7734055457616953,0.16260316435643118,-0.3344615299751872,0.01374857937622076,-1.0474168410907805,-0.9063217546454244,0
2.661903300567026,1.2000351434073084,-0.10568230757709723,-0.6825381274820901,0.7524098160526169,0.8921528067860035,0.7932434278161176,-0.5332719814207488,-0.5941026919694126,1.0430030607193885,-0.6795507248710961,0.9122145895749081,1.910218911728193,-1.2562724522567932,-0.5293218406233429,0.8244675445983577,-0.1973615624924454,-0.7583352116570138,1.603230790611072,-0.645603819487096,1.0813939691072127,0.7875084286699898,1.03933009524139,2.142621729476081,1.3557352811761363,1
-0.12947167752725922,-0.742999503841175,-0.6227836273874484,-0.6260551761567534,-0.8381832134764007,-0.236650247470433,-1.8817767948177855,1.2770795473508156,0.5704271846754418,0.7104610554180826,0.008378603827237402,-0.9719113001850269,-0.18316275479230854,0.5728225607796267,1.1360693145724707,-1.6868177136932656,0.26437652488243596,-0.2963208077762459,-0.14795645472057178,-0.14814528221468043,-0.24022413281409682,-0.18303148188702303,0.477239022690689,-1.8271110811224989,-0.1250341343463998,0
0.1798866615898327,-0.44184981563569764,2.3516603240720446,0.7061234102354307,-0.00048389665816955807,0.08422839024888273,0.2479847838890067,-0.01148826241600584,-0.8966432709460554,-0.11446906097437526,-1.0241525535144707,-0.05122750000298412,1.971642034328078,-1.2345014916839732,0.026940670949218953,0.6819647965513375,1.5365878426967288,-0.4613116794557397,-0.1569867562720399,-0.5259359174248232,-0.6136299405336834,0.39278039618021865,-0.7563772976689731,-0.6705616527249366,0.27012556494098694,0
-1.0108107050127109,-1.4283222797772166,-1.4676776594851604,0.127356665313685,0.2211676142400442,-0.5409041682213962,-0.07509244003389151,2.5718834336556244,0.7824596877311272,-1.1331536810666378,0.6623629355201932,-0.6054975631120403,-1.5697601346887764,0.41227560032443766,-0.6543205478915197,2.0716558878506195,1.37597336754265,-0.061389447018244406,1.0542265508043742,0.16810786262693,-0.06874927734493258,0.26106886773935356,1.4545920268874024,0.1549736779101562,0.91655591291492,0
0.6072236986943769,-0.9317469408473479,-0.02698905176708631,-0.9036432307177118,-1.06303134089749,-1.1502429340109728,0.38475192929002855,-0.054392934787377334,-0.9791176594510043,-0.46054429980950806,-0.19866862297196972,1.0727354186491718,0.5831250659932531,-0.034771708965588344,-0.062785394102987,0.8750075991477011,-0.23856813120254883,-1.4705531218635897,0.8200648837264128,-0.8442105848211894,-0.3751354719462594,0.44296907141788344,1.7697138354869137,0.1186793296878718,0.9111519631886432,0
0.11579852361609748,-0.10684382001218197,-1.9810774635695927,0.26524291828374347,0.5973498976156857,-0.47515841031075035,-0.6529680529947954,1.0008273392875582,0.16842862466394365,2.050737821506762,-0.12096157390800599,0.2278577429119567,2.7903303250426053,0.4328929093522995,-0.8189538263869458,1.17100921855577,-1.4829293487390758,-0.06586777219127338,-0.13455905753154768,0.365107625670994,-0.21595382171912814,1.7718669486273555,0.3900226510749609,-0.8350687508601661,0.7613682162446854,0
-1.2045163721735657,0.05198909861642735,1.1936504875063272,1.6337606283093875,0.13039796815146068,0.40232700357291995,0.6524416719379473,0.46675153577827555,0.8086085706740975,-1.6788613865642623,-1.1098239482610026,-0.8080092500409213,-0.6729939295328284,1.7929779569010293,1.6503788700818542,-1.4577583778096388,0.9641660863458464,-0.48520511024235724,1.2653123553768602,-0.48533770383349467,0.5077532000899055,0.07029568270344025,0.3368772839332437,-0.2935126561781041,-0.8689364388721225,0
-0.8693684004777203,-0.8708754110463168,-1.4839032338345561,1.1368566784154468,0.8237652624082843,0.32398903052413297,-0.8572669283326734,0.3252260212487193,0.5145624445880357,1.0807159425738606,-0.2453046878509616,-0.8959643314214477,-0.4413822766656431,0.6147285161795559,0.4730068162855816,0.6217034524142133,-0.3308218465634424,0.010968687627049362,1.2063832823289256,0.7999855819788853,0.8913290746442315,-0.7587383559625953,-1.1047295794692644,0.8980278492687435,-1.9504775674415895,0
1.118063961464386,0.8387277051552685,1.2993250072211422,1.313244948994136,-0.02100207775629373,-1.5674608331761153,-0.09714146262364277,-0.00800706206013594,0.5220291966455545,0.057770529385744465,-0.35639603323346786,1.4695599757233353,2.0898349486004664,0.954794391680138,0.03544522460089264,0.6237299288506493,0.437661162578398,0.2319127054956555,-0.10877753201214094,-0.19649117718161313,3.021236959678419,3.0892123011948813,0.9213031555611225,-0.6483032538934355,-0.2628137360313071,0
-0.5114565448857078,0.17357414549312072,-0.438224223317883,-1.8145037536619517,0.02849417294026102,-0.08566008765874272,1.3840735046152604,0.4139211371239332,-0.3949513447317521,-1.0082667396928564,1.3390593280423617,0.12930183818683827,0.1420080243276494,-0.09266364707286878,-0.3432339018593863,0.31794032746064405,0.4102535713104015,-2.1789231458044203,-2.0409110420624685,-0.727326215876755,-1.2230339872056126,-0.22095529081507376,1.093158944870099,-0.8141093146558696,0.5441489332095759,0
0.8586485408608938,-1.792367366278423,-0.49242680913328446,0.14410353164169606,-1.0196437187234488,0.25098282417118045,0.4821823231639908,-0.6625893592961121,1.1037246629839719,1.2654350390532172,-0.7642223675130628,-0.086835087762903,-0.7626269150487157,0.4952024718803278,0.7429662594236504,-2.306638186551268,0.42548261706945734,-0.8500684647764786,-2.3905365861690764,0.7721746368056628,0.9175618620673376,0.9190406173773368,-0.17841968971804983,-1.8387218017054205,-0.25834916696718807,0
0.1121624129212213,0.16643415564367436,2.375340552056542,0.45540678815032837,1.2121464566671634,1.116000600316015,-0.1734920622877703,0.0752917370367236,0.4567091412564567,1.4457895393569977,0.5400581238482256,-0.3401201851382238,-0.4084165581135741,1.8018165092408702,0.6271659204704303,-0.9422800817719614,0.044732668148490404,0.3053892731648045,1.7447134961695598,-0.013449489037618584,-0.01852040006656426,-0.493336080583831,-0.28965279000266425,0.2584579917567277,-1.240913071004369,0
-0.9079117402312767,-0.059867977251484836,-0.4696378441441493,0.6792686068462346,-1.4044766130041453,-1.190101267482416,0.9166469872079586,-0.17489671198968199,0.4356391823828848,0.8192452382631827,-0.784680293021517,-1.4156500291128706,-2.644354861137625,0.49712001983968795,-0.384870805462948,-1.6863083987987906,-1.2227708463186744,-0.37688061192950206,0.5699960539999579,0.17693892864941058,-0.5758034301854715,-1.274807482386146,2.1555510071150636,-0.2608256732758639,-0.9055338981780784,0
0.3192986515737654,1.5295866770039546,0.6634192229089722,0.848304349146074,0.7136270371360711,1.3930149128960905,-0.9367753865028967,-1.2035743237564622,-0.2246788786572709,0.7195966784888186,0.6219046486058093,-0.8453015721652872,1.0492310414600512,-0.4076650595196275,0.9335777869559929,1.146693144904025,0.20647313689460509,-0.9283822214094204,-0.4950719544612985,-0.8895711199449684,0.17841526117528633,-0.1971684198540244,-0.9408287665617582,-0.6671158521031156,-0.805965541198129,0
0.10474049717246861,0.27396858363728915,2.0883818684901527,2.0577437499994056,0.6025571988881359,-0.872508582503899,-0.42523066019877853,0.39220618207946084,-0.5610811590399061,2.6681201388317346,0.9305026650937351,-0.5053269562888856,-1.2335721516539777,1.0226955323019307,0.48158565121464725,-1.8958829001697368,-0.17027897513453444,-0.9768084908056174,-0.48818278308495366,-0.5276083489062716,-1.1041590157982835,-0.7184009870035986,1.483364372818336,0.4969679827053268,0.9103803549025484,0
-0.993891036687128,-1.1489111280427045,0.49527823068387644,0.6547041211208217,0.3355547153264682,2.5414557923942565,-0.8359843902186329,0.6938938219458308,-0.7158214404975821,0.3697405594191985,0.024430491802687415,-0.07558860834681702,-1.3091100845977837,1.76173889096909,-0.1519707407280323,0.43733118887500977,1.106586520232817,-0.9034570497078411,-1.036658118332269,0.14032510389979147,-0.3720261655025586,-1.7983040983067384,1.2752109714152744,1.3668599391933358,-0.23358345278761136,0
0.5498253348696284,0.23890526558967445,-0.9061719988610588,0.49002661815481585,-0.7985734369401654,-0.3920005034362589,0.08649264032271026,0.049124264752806845,-0.8395524188582638,1.2573476748943038,-2.044172859234431,0.9158841968270459,0.19215734332447298,-0.8805068452396831,-0.42305779065186966,0.9772750669573838,0.6423451812752203,-0.3467790077391736,-1.1557459763158042,-1.3009685766645855,-0.047542543420451805,0.23457989588092498,-1.4495074135329689,-0.15495667665502738,0.04535993841057244,0
0.028256684879448137,-1.182451765032675,1.122582581467812,0.1662487045714529,0.5836547142467248,0.0007974259672602069,-0.3908596180853488,-1.0794971774958884,-1.8493750166912704,-0.46932444140479357,-0.0044092008710653885,0.7819973691252156,0.35472808132915074,1.2978352324549804,-0.40773712144505914,0.09498267948502373,-1.2189365618395165,1.2545176233371922,0.3526434181880317,-0.25048624296532984,0.7035370470493361,-1.6457831734495647,-0.9312665110262914,-0.6996250743634596,0.006544483779507556,0
2.2607829879038235,1.3530037669564376,2.2290692764871243,0.21584143492871624,-0.21402184841764188,0.030906027936972946,-0.7121889714800183,0.5507828701882351,-1.1104759800808708,0.4205702978095141,-2.19333199149723,-0.46606472108078906,-0.8785308272867461,0.21586314315017002,0.9278868666729854,1.923504666459355,0.42973874348898045,0.7955754610835486,-0.16045903693825034,-1.334213315734049,-0.3885468317886711,-1.385170073741031,-1.3091529781289228,0.4708551202637267,-0.20871384396107212,0
-0.32781541320530594,-0.48321748904875356,0.38905549776766435,-1.4128373394240745,-3.1524852866950765,0.6422061403733381,-0.062409862912828344,0.42361725417230334,0.3682920957324662,0.6788788211017428,-1.569752260642268,-0.04883155733916247,0.7873360271361287,-0.8013384507855776,2.116592128836454,1.6531387960797281,-0.23774196804588593,0.7809964987172737,0.41807843149134305,0.05195202190370492,2.282604063406264,-1.2470943862187318,-1.8331576162239376,0.27955685660495,3.588891335225543,0
1.1259229640220692,0.7545704029365775,-1.9528953009930339,0.14977302978919804,0.1581913889330459,-1.5313180393762071,-1.1570823769140695,0.2598179641095635,-1.1313179325085236,0.9862750499430354,0.8771327613616107,0.013976880525935959,0.4379580423615189,-1.3391771250060371,-0.6321829652495299,-1.910924957559133,-0.07262270473768095,-1.104927946224759,-0.11340510197554018,-0.02370288091925926,0.88004010588202,-0.7759009890188948,1.1666711511491215,0.6987240419177689,1.7381316884721045,0
-0.9431927273141109,-1.0422786303117313,-0.43218390337750423,0.916852694764871,-1.566401295903718,0.5625845672362223,-1.8755620414239436,-0.5681817019341757,0.245638146279906,-0.45638297120952076,-1.7558974181116809,0.5129440274193009,0.9738762421067816,1.736304023920531,1.3844773437128437,-1.012957143762621,-0.42771702028338765,0.2859453973297303,0.26972697635593557,0.2826962768598963,-0.2784140177007235,1.1773358435973,-0.22792750976785286,-1.4492069976933708,-0.28378974134837076,0
0.7859837042647818,-1.2320623724719373,1.1529448709150685,0.6269921840549181,2.1267039498571716,0.345355278820709,1.1985710809720094,0.2778382027603773,-0.840213535067342,-0.00042147565985731217,0.3700833484196625,0.5903647358589355,-0.6111053940572314,1.01226308638769,0.3291344257311398,1.1900151381512405,0.6794395987322304,-0.7657312276966016,-0.4739209758662799,-0.8459879031611266,0.9967998001788922,-0.19798489940842634,0.8946908211241527,-1.325131209812497,0.1310744155591784,0
1.1052357358438873,0.0739419407410234,-0.7640007577897334,-0.6783926053203131,1.4912111898401657,0.9324994742850566,1.9890792093744436,0.3450881498291153,-0.4066142580066939,0.9099256864796821,0.03814808020268362,-1.2608037767259088,0.3613825295962613,1.128371045569766,0.8974864450031362,0.5140016346579679,-1.0094901990700036,0.7480486604783859,0.6934875413714735,0.16910047432911168,1.1013681918691482,-1.1044277750420768,1.6060327841316973,1.0881467019613846,0.7661523425031732,0
0.2707206778556871,-0.5027642262904956,-0.810944951317693,0.38158209929361575,1.1290734359535988,1.5252490408559392,-0.8269678092333796,-1.4566328610992478,0.12043817169515958,0.8296574278955944,0.04381530181091159,0.3322920813304488,-2.3096000865177717,0.8458362283380925,-0.2541175838308233,0.5717390404921663,-1.0723446330258513,-1.7297907851798382,-1.7487315563590375,-0.3114081886007375,-0.8912346805742792,0.36634476817363304,1.2558418777398488,1.5553633888773344,-0.04507111104895368,0
0.4369837953325406,-0.296031467594768,1.4226242279614472,-0.21994511216777723,-0.05212914639121869,0.19314139622479476,-0.4090583675632068,-0.4785593127603751,-0.45713028856296445,-0.5548035543651753,-0.1546966235326829,0.6682330411986752,0.5151124823059292,1.7974233296149902,-0.36127444402816605,-0.10853641186452026,-0.05266641237441591,-0.8389756965028958,-0.9121010830757207,0.32990297826232706,1.0536835452235935,-0.8815370057076862,0.7191941589447014,1.585969542806074,0.8216552438067284,0
1.1534030854724264,0.10977815246207744,-0.8245718769563058,0.7716217194805268,1.4955869055723952,2.811015920888622,-1.0141871206826505,0.4199968072221287,1.3020559826312794,-0.7865135016206307,-0.8220655142235497,-0.14143461508852825,-0.015876260141647044,0.8186256434551807,0.7233111017261645,0.6006165712780629,1.3164944195951782,1.0339206674715766,-1.1364148905188827,-1.6344634688916404,1.1010544494102696,1.0038537208140466,-0.6224498582583828,0.6292490009352972,1.3171506768771546,0
1.0112175603863143,-1.1310882364877919,0.38102504497665074,0.4451983863217724,0.975494122929902,1.6314298670323817,-0.07822612717153146,-0.29334726000218553,0.1324495403937435,-1.1160095755384898,-0.8336638370741961,-0.13829151151573058,-1.0867380917938703,-0.6442028119377622,-0.5901386889439257,-1.7330165575471592,0.3774805782763792,1.7719159148940098,-0.5895157503849702,0.3620447614530155,0.41808027219121663,-1.3602242293691449,0.47241105063321065,1.0879807192540598,1.2310727840735505,0
0.33580864958926093,0.975901123894342,-1.8014274349703097,0.1647171642810908,0.5449747578475003,0.23981821847362894,0.04363843295011646,-0.6869031337686986,-0.01860140568982227,-0.43067388596394107,-0.008774408575801723,0.7464783564984026,-0.9989671914625419,-2.357541085303624,-0.5677989162487593,0.2058406062308875,-1.86110203911102,1.0616336597491252,0.5084278266558866,-0.3522609774350501,-1.081305029204609,-0.7989047676336457,-1.4556021083468664,0.23992783004697044,1.4995576478204378,0
1.4058649730017263,0.05524432840755598,0.9137860275091059,0.9440276852350584,1.8628912793231545,-1.047017174920214,0.12028265623182388,1.3379617883506627,0.7818940495064833,-0.009449968617697202,-0.515881969225425,-0.06858618860208435,-0.5267940038573087,-0.13795968017528817,0.37337990257271747,1.1367520798305373,-0.808646137881807,-0.1950805545896338,-0.12951293293189806,0.21282452719970163,-0.17017915553218985,0.7818101729246575,1.9889635244245365,0.6845519576095558,0.609787637645984,0
0.18093219040739622,-0.8275515060994715,0.24285078258816326,1.0913523847854496,-0.3498416067590787,-0.018838010683274092,-0.7007875602875491,0.13248987672479,1.1314087262976997,0.6920551597600103,-0.8916787775700592,-0.9008809134030279,0.8653488158138768,1.0839173927943744,1.3947967866834599,0.4298662249949372,0.017769748307987943,0.6791922704944299,-0.14239463813713768,-0.18090718909968284,-0.9293437347160509,0.593925745472307,-1.335284298190248,-1.1849803126979832,0.6917689171978281,0
0.9906925086239108,0.04879684649089211,0.40116242535163654,1.7186632247776392,-0.2342850196804136,2.248183726415909,1.6078712763860261,0.17164653852227713,0.33181468888195836,-2.0322090421439016,-0.09382483880443532,-2.006006994633742,0.04196833595634447,0.0042425163875969285,0.3436806752478171,-1.0165625932615836,-0.7878800998524209,-1.8851389535238967,-0.7190930492367753,-0.29710968071517135,-0.3358196724239785,0.5062756717746822,0.3058410213719892,1.3049118166896776,-1.2912558075251512,0
0.8043177560741399,1.4505919113044294,1.0192146352522822,0.088068392834603,0.7157350868337065,-0.9501717511875941,-0.6413857940956731,1.864444836031514,1.907023923386367,-0.16416467474061489,0.5998637114404729,0.06756875121783142,-0.8368878675994138,-1.001591843388827,-0.6793876928131288,1.8854871683416925,-0.852351140066222,-0.61140487514574,0.5385496533756411,-0.8288285237563839,-2.710808647104173,1.220765215036385,-0.3916410021196133,0.4441043314107562,-0.5679553759276523,1
-0.11935230760606283,1.719955079892643,1.4154084484013385,-1.341726706356074,-1.1922984025696355,1.693702456277667,-0.5145827915077955,-1.5165062512309762,-0.32123511587382425,1.1155772586900883,-0.5681318839268968,0.7761333079324446,0.5420292322069444,-1.4002150287080617,0.49776672598584926,0.34038787944821797,-0.8551141507739912,-0.36914031553210874,-0.6353545102538309,1.234484567800531,0.8305204941015369,-0.7676440995141764,-1.6660597966745603,0.35849431812121524,0.05260413434976756,0
1.4156089004234254,-0.4172142062641469,-0.9647852034866037,0.06457266764668568,0.43506570157332813,-1.5889242808768986,1.7632472566835813,-0.47800872896342406,1.2249435681937697,-0.3992791766387804,1.4821718633304015,1.3946165675121074,-2.5819655567806055,0.07191883951424241,-0.7489573285643691,0.09508607136147211,-1.252325316262415,1.7882606517022432,0.11630866533949816,0.4983592392111281,0.5841681308986727,0.05735463222524804,-0.5110696602765356,-0.37957587934335707,0.2668560987299829,0
-0.4739622502462327,0.22643800712791637,0.6192227063051452,-0.8471379650064789,-0.18641014040668819,0.07236571495760788,-0.7126328235043493,-0.44416566160895143,0.020921722057354458,-1.807186324361984,-1.7810645609924918,0.2711824607914458,0.13713058919032478,-1.7902552030007015,0.8167246052631301,1.0540520368069357,-0.11512113998022161,-0.006520683734732469,0.37106828767747296,1.4021173874860944,0.30543221389620245,-1.0986049205073558,1.2396685874270736,-0.5832432058651181,-0.2031798696650189,0
-0.9186160878448283,-0.4332921978889116,-0.1667894334418193,-0.7767430188943143,-0.7927043325977547,0.4335085495776233,0.6191008520203345,1.528151664726825,1.9194367024248322,0.10104323758483152,-1.7327648239594529,1.051471268924019,1.3055554466385295,0.9674245247193621,-0.3702333178315728,1.5459776495353692,-0.4077050338459282,0.7967790718540245,-1.3382252190312214,-0.13301096392967884,0.3136535041819383,-1.6068080213801335,1.3079588509337976,0.8768974208423508,0.04525634790904709,0
1.1375507158804092,0.5266578357365889,-0.09521289027056348,0.16779874045580964,0.4255925450815712,0.04495054384412875,-1.2098383072552914,-0.044965680495038685,-1.8010406558248135,0.46428413480963326,-0.1366142963158002,-1.2115510326989058,-0.559096186613627,0.6425751753914115,-1.85962607797888,-1.0392865247017977,1.4170483083241379,0.9380940215196005,-1.0963305489627992,0.11994809736633191,-0.02257804261237084,0.3551621629618774,0.5299055135396303,0.6887392900903637,-0.010361429272346075,0
-0.2310925540700372,0.1839407824346372,1.4594440692598312,-1.211815402152394,0.10876498303097465,0.08800829326809995,0.5470520832839623,0.8026059757666293,-0.7278107618439402,0.5068306138955728,-0.14543500058609402,1.0593721680638717,0.35631882182664715,1.3754536957530987,0.6252901486387564,-1.1894667017906013,0.032379133546193234,0.01857288079107864,1.2609359770215904,1.5267495335228856,0.5190735604027119,1.350808813418592,1.3910583521556759,-0.46190007325909976,0.37568629986187957,0
-0.0839803467200183,0.6687889408983603,0.6897760238001571,0.15815380565872375,0.06487214187787069,-0.1558235450259929,0.9433325256311416,0.039656757235553286,0.45824978106193515,0.28751438822203274,-1.157986092884597,0.5899716515340302,1.3325851911091262,1.3291633763737292,-0.4748926616617693,0.967208409412756,-0.25606275822394686,1.2410801219900296,1.816382930106984,0.40035629548085616,-1.5594321707450354,1.038854133517825,-0.6421093596080891,-0.17732586320536053,-0.5931427952896575,0
-0.03626558317687456,2.204037944726595,0.28223497477054205,0.17527440844948722,-1.3586489983149561,-0.9832024450562732,-0.29159518467916146,-0.28034358432726264,0.8164524088065263,-1.1932600636118924,1.5259336292750356,-0.8963693289993677,0.2212609628748792,-0.785746691512595,-1.0027875293153303,0.6110770292514736,-0.6682980027976387,1.6919033422707395,0.9593212227838938,-0.05051582775689241,0.621593615930286,0.28708559045516313,-0.13137096182818545,1.5349829656098863,-0.07634697668357754,0
2.2743996116856002,1.6873699351054507,-0.0028188541916081,-0.36650190582078945,0.5144807443214623,-1.251381389328645,0.09717657049036209,-0.4721411771847227,0.46897176789258377,-0.8073040875054512,-0.312820176850258,-1.039093439685434,1.0096017714881405,1.2302103889889149,0.17698113754262146,1.0344574234860917,-0.741606549859559,1.0301715856784939,0.38171474298015073,-0.549317807491777,-2.1852565777924813,-0.029273359284415226,0.9326203863671476,1.73507961785181,-0.5042144070020821,1
-0.3048252872849795,0.8644565450928162,0.10566639006764818,-0.19427608310459676,-0.8060311631563676,-1.9839658365133293,-1.0497171639633214,-0.04910834850325027,-0.08321190620004493,0.1379674984211603,-0.14579142920769833,-1.1978236780463387,0.6869496254634279,-0.8880921052214105,-0.3735990234434729,0.2619968757386892,0.886589992021337,-0.5311411905858279,-0.6198850761773794,-0.7995887421536758,-0.2340307982028327,-0.66405868469893,1.246113774234328,-1.024961767911055,-0.4761796421929575,0
1.386049030521395,0.058952477190776904,-0.8255994989777503,0.18025587294780782,0.8990795793534413,-0.07849568802674144,-0.5244447050628216,-1.219797840444516,0.5930051397916618,0.5494535068882884,-0.09337019232485794,0.07048265009972551,1.4285401359182754,0.5364771554874905,1.096331045887744,-0.9539593650825335,-0.6662227863054183,0.5200113323752659,0.9085183729325452,-0.27063600229794077,-0.6776257355572812,0.6332163654191711,-0.5238161594079085,0.8680262093813209,0.2835567984899688,0
-0.2832670872884316,-1.4314892481312713,0.19591356768875562,1.1248836516215754,0.1957032096095775,-0.3580051042955067,-0.2883938440034598,-0.7711602228263092,0.9221673808674358,0.02578549463728244,-1.807171405166518,1.5253756919119752,0.11912420062051798,-0.08200318931213421,-0.36082454309907314,-0.19732610154044075,-1.2001233511445626,-0.470808674669534,-0.6928531794925785,-0.21360695797765022,0.39874990690699913,-1.125263272489694,-1.027336780154987,0.7809860338968903,0.5831991011592089,0
2.3087555116659755,-0.5239452480659409,0.8655469472269423,-0.3460131912899329,0.5683826462690714,-0.6255827051265619,-1.1039523414514074,0.8177855539473342,0.30529797353290294,0.14932555958219199,0.5840569878872663,-0.4775794959075209,-0.7240271436500471,-0.6328262848587716,0.1257225219711208,0.294411475873349,-0.15976000729010303,0.45390399586370506,-1.6138868141711502,-0.2995949639912004,-0.12043308672431685,0.22577559917407147,-0.014884986606656176,-0.30483341023538896,-0.6110296294693692,0
1.925398558554265,-0.8701711667696118,-0.3783297913894056,-1.8567243115301908,-1.052511238164225,-0.9506747654476979,-1.0196613305919062,1.0001994818371953,-1.3942070503940192,-0.4316027360538596,-0.5497486677248438,-0.3284826720986922,0.3100716114339015,0.07773575053301751,-1.546850291804433,0.11900108983663416,-0.4199413271110068,-1.2808130660517463,-0.738283487806773,0.004793833789156723,1.6039624047705967,0.6509501889301557,-0.9791582560236168,-0.682636491532466,-0.39058580289574546,0
0.29648972328145995,-0.8511164102404662,0.8214188210595086,0.7167597340448073,1.1167945856215309,0.5065200330129782,2.1147156638499363,-0.3890137051996909,0.5725914024056301,0.7604659776617053,0.5903726708081524,-1.1248780480756837,0.23818331457750364,-0.06650190472793444,0.28868825308969426,0.7670136980437869,-0.26650653258452384,-0.8393889289044543,-2.2294518259088787,-0.9827799019785732,-0.3622373992011322,-0.03466208657443258,-0.261422502930895,1.1645916097587863,-1.4269846697121966,0
1.3459121433143162,-1.148365509492695,1.438878745049084,-0.3836039071877289,1.4636354001695915,0.614067577491421,1.3921381316708001,-2.2827667049584757,-0.8127471910551746,0.8840287960109748,0.016647187150688553,-0.21309342558995736,-1.1167100401536243,-0.06419748767161224,-1.4196290444643547,-0.7612182564586201,1.5132608829562686,-0.5237234270858739,-1.0721794358161687,-0.3995999718096038,-1.5396517266920837,-0.49418048805786574,-0.484873165693338,-0.2274407164541997,-0.6418014222371659,0
0.0019060828849006492,-0.7315929039601664,0.46067787323892095,-2.0168726223021465,-0.6168714584691213,-0.10092895674411595,0.3689027710522733,-0.04650975295982096,0.7690459587378888,-0.8462517420215208,0.6184253241732828,-1.2743687773163077,0.5325181920296628,-0.057716794489253265,-0.9596772880090803,-0.3268281568435376,1.3672458761059532,0.5309654296734847,0.6044184505976745,-0.37054974887158637,1.3977218383665526,0.1304623740577237,1.0635711917121156,1.3619839812260803,1.395154242637396,0
2.0916989874681406,-0.1784646624246423,0.46467366184028186,-1.0651844533792172,-0.9156490964383904,0.22977927687731228,1.0929985147744583,-1.413272799127462,1.4287269522584438,0.8851329139438887,-0.304490975852651,0.2478083490564959,1.0714188027098832,1.1875724456760175,-0.7674356023416956,1.4620294673188776,1.2967298211359377,1.6669291472634515,-0.6769419515265677,0.6814464281549973,0.575980219492515,-0.5381059373268834,-0.42857984318775116,-0.6359515410231168,0.6389132882480734,0
0.8435328359575736,0.30983346363073827,0.22124340124845124,-0.5280423531024796,-1.2419689363545876,0.4260866060446546,0.1912248867695986,-1.322769806881961,-1.7337061262660831,-0.6300686382063065,0.17477887526756297,-0.2691533983067762,0.9066898812601161,-0.25162431769154686,-1.2963783631127468,0.6131018577705016,-2.117935351159563,0.003562709171875733,-0.5315175535330513,1.0025756510127233,-0.9816687268461783,0.6512292532158312,-1.8523035196546809,0.952833899395629,0.8757440934134353,0
0.6269237318921203,1.585941244641047,0.8527851622819556,0.4111674366326804,1.1611542872403822,0.3668955811759391,0.4099518844421414,0.45647485018725764,-0.08912756973373548,-1.6333353402536748,0.27850090218746665,-1.70389004024093,-1.0310545889208322e-05,-0.9320358359853966,-1.389510993711179,-0.2586021337811749,-0.6768265424944151,2.7653241462598506,1.4073365333420513,-0.6772216151219519,0.44169415335990253,0.9180300437757858,0.2591415122124682,0.3831669645744203,-0.3641663969263083,0
-1.5510062054771314,0.8585428125361532,-1.2734615805446192,0.7137900215978473,-0.1436713254303285,-0.3080129841795272,-0.4044654612195299,-1.112672960164735,0.13079612981124572,-0.3335953711167393,0.4720697958411689,-0.8703632383337202,0.267789355712462,0.7286623399977832,-1.251827571450359,-0.6420844693940696,0.5030230950705501,-0.21200259421145062,1.0664123751164205,1.320661044979489,0.42622683831023817,-1.450489201253555,-0.8065850090125238,-0.8767827094186855,-0.31169107900309895,0
0.37455593114328123,1.1429662460804135,-2.487859417069048,-1.1064596087816925,0.430345646159048,-0.9470094170700964,-0.009353424250644254,-1.3568841387482642,-0.5628472624139199,-1.4907654825873138,0.2964051252810163,-0.9626189224235623,-2.026155692744718,-0.8909846271974039,1.1927273493332946,2.0192089786728316,0.43674632255093493,-0.7276187425351351,0.9420836706143337,1.1101039556683858,0.5762497408155404,0.3547393768303588,-1.929930334431993,0.3760373391497244,2.033983267396815,0
-1.896758979654728,-1.2342654257391432,0.18541191751460034,0.23330460147719098,-0.427336748614904,0.1773137432025087,-1.0390587761625896,1.8846865525213088,0.6475221226526805,-0.9444887364531558,0.3627183258300627,-1.6047353800862794,-1.0031376753423835,-1.6820290192452259,-1.5937719265425545,0.4892871045547588,1.1107517467990693,-1.9066064718725033,0.2322783061902556,1.6724151866257129,0.22965520512455323,-1.7867298626762325,-1.483309863756298,-0.6675244274794885,-0.04763698163541314,0
3.057012425077218,-1.3936227634441853,2.265116302116836,1.9279979654384207,-0.8178344958702823,-0.6819177013455986,-0.6246146557049481,0.390305779752236,0.9248570709776671,0.8962147230907161,-1.1562008112774689,-1.026131536697957,3.091316165447419,0.6725803945491436,-0.5723232549352567,0.5406567055888745,-0.2927060527469739,-1.2066349960517984,0.29182126591607094,-0.3638910920873487,0.7204056679493959,-0.0418821409806603,-0.811184088057999,-1.1028778448746874,0.28792600745540586,0
-0.31582271024767855,2.515828658226802,1.5913174978605045,-0.08332232705798487,1.013302097897078,-1.4368821153464646,-0.47278044707582945,-0.031808696867747385,-0.08249258046982798,0.29380463510045235,-0.026955883906543826,-1.5017371232645307,1.8651362270589147,-1.4238472860677995,-0.8394664848963406,1.472377141581278,-0.2042189130403898,1.3098382178567862,-0.10600200750799843,0.36332321233533643,-0.7426358140452065,0.7500433423146765,0.923719263727514,-0.42347861586069974,1.2266320653419387,0
-0.32032517762249474,-0.6982769832962092,-0.7529581312359468,-1.1209790466590348,-0.9576528672692199,-1.4565921563252269,0.29292833279506086,0.8459022686190287,-1.081377900530158,-0.15131516530973982,0.4942998264219518,-1.4827062909905497,0.6315658870351248,0.8953478980701722,0.5176402215308474,-0.44452602097951377,-1.6724729740326867,0.3987023482086571,1.4784597455643902,-0.2442931320875244,0.1432961549874188,0.9974080575827801,0.8304915508414068,0.906784983342462,0.9578515811270379,0
-0.5924759427980737,2.2407341995475645,-0.3248349764497067,-0.2754178648110349,0.7685399167783655,-0.13083225254050337,0.18550635098489693,-0.35717114212925577,0.358308808995706,-0.44221531037578926,0.5991326002457923,0.8477425322866718,1.2488995050769733,0.4553021291574737,-0.21431699034655824,1.036900741510011,-0.07617593093625083,0.7429621233351631,2.255264068583479,-0.3172628856876162,-0.4721458203408875,1.178231340197622,1.156272333868255,0.8556997579377627,0.5271911835936468,0
-0.9359038165349651,-0.07146302717169302,-1.6365641243181073,-0.5759378221603101,-0.08640759313843982,1.776927891873589,1.9019753826904433,1.04110155246295,0.9128825677841907,0.12192455285795893,0.869344449991959,-0.2337975974400579,-1.6700718114151143,-0.08260396921249188,-0.374315672140795,-1.8681856376457067,-0.8255474983430828,-1.0030834364581604,-0.3124312097871118,0.29653114022168836,1.1464208999971053,0.14103039761696293,0.05070112559559964,0.24961683644367605,-0.1205530757240137,0
0.2969379403627395,1.4462824072562586,1.2580989664043354,0.9457067568273335,-0.1573352101520995,1.819928231328379,1.0193436331884915,-0.72249387870434,-0.8630553328459942,-0.4354864355363198,0.20030044311191653,-0.1357280725655851,-1.0437764277906816,0.20315216533490416,-0.6153408619263396,0.3476092051389075,-2.2707082842127884,0.09193189101742866,-0.5251950837357567,0.7778122826596541,0.8750282000901697,0.4647342217776528,0.6038462983927423,-0.9944392242982005,-0.31194704082208385,0
0.2367274092707014,-0.7889129565605615,1.5313869233829274,0.6229901554583015,-1.1329169149340068,-0.7683153275755708,-0.17845497257108522,-0.7806093969399729,0.07567022758033345,1.6127000912307796,-1.9404870930125948,-1.815457682669707,0.7010995065901813,-0.1608336726325917,1.0380729391543702,0.20965325350507483,0.9599138846035952,-0.4166226827454777,-0.014831187444598354,0.7135168585508609,1.543663620448504,0.38619650473280165,1.0252320276885727,-0.6152714116113626,-1.0184497095846918,0
-0.2480395926364063,1.4076232715288597,0.08008666747460039,-1.4207434793715448,-1.1426195304483031,0.6855981769231533,1.0964349566046843,-0.5084883147477626,-0.6433046456468346,0.08384814437829793,0.37935247662877053,-0.6613680717378165,-1.2129229417130403,2.006645393238726,1.1211199061361272,1.2992526686075077,-0.5904756338662682,0.34240934035701,-0.5780494500344289,-0.060535211634582975,-0.6474977552556195,-0.45866719263136246,0.4574343058326683,1.5353201958073814,0.3555773001001307,0
0.11842698982042697,1.1665271093903653,0.34203904003236213,0.542189761641151,0.972295162961673,-1.2618578268044982,-1.1352924402726126,-0.9121076661626439,-0.15116592267728887,0.1472759767035529,-0.6238539523022516,-0.32223470615447347,-1.4232545776071823,-0.7646627922534481,0.9865997215118277,0.39816994233853537,-0.28842740223008484,-1.0906425936334772,0.8400316243345445,0.7781443489527371,0.10743665453110413,1.7008732224820435,1.369876865579742,-0.2686600192909834,-1.3884666769206155,0
-0.20873559386373153,2.23379250644709,-0.26103889514814116,-1.6380235658061297,0.42311515351548573,0.9748132804310771,-1.6758145106811777,-0.3509769424710177,1.0155335366997984,1.1999357656624636,-2.363322355396513,1.1621849067460173,0.715852937006269,-0.8225002889023707,-1.1636769656557853,-0.7872713729102038,-0.37876307482457383,-1.2859562483525968,-0.8077434985670557,-1.7030956590899966,0.13129963324280508,0.42622450657168826,-0.6011790277820391,0.9084493392850111,-0.34470591470182443,0
0.4473526364880569,0.13822725507127842,0.6505207858352242,1.49767115765045,-2.009987042058166,0.8361888010998283,-1.0723053565471323,-0.3632819209382656,0.2760404381303915,0.1476159828544248,1.8183220493089158,-0.22402773809814003,0.6817907782805179,-0.9861505954604627,0.8797691051159702,1.4206696526794493,1.2152355548184903,1.0602925491674484,-0.8773298633268766,-0.31322158196286204,-1.2797032512416289,0.8152329443226202,0.13240505587547513,-0.463796573356958,-0.9192407079683524,0
-0.7412347163531142,1.1335195889246186,2.363203087723096,-0.7547983731648209,1.8401625210087322,-0.29073950232122175,0.6766254120815542,0.8718867911577644,-1.1814169299328554,-0.8111968928632225,-0.5415375375736313,-0.2409315251188679,-0.35508447146729344,0.24021442330251264,-2.207073245946098,0.06322560164718707,-0.09789073009020738,0.23469984167753868,-1.2320658803774964,0.20138559374387807,-0.3048727566709838,-0.8280284207208461,-0.07979285411815953,0.5969703824917356,-0.016404737164945064,0
1.3305519410871884,0.7781775243396448,-0.16713065055484566,0.7765429179173742,-0.542575974472711,1.3404563182813707,-1.4794788585425338,1.4274606049375045,-0.027224853969966156,-0.16829058655606477,0.12782381542029986,0.18954769624789963,0.1205984511711905,0.32273015085596535,1.6067901225316394,-0.2537712396082056,0.945785988088579,1.1993097225532645,-1.7324563572787208,0.7688009091692161,0.18672987731923796,-0.9459484622203673,-0.3170955862312273,-0.0923033459540283,-0.052515327151052005,0
-1.198032993115499,-1.7258688905688593,0.47336767712747135,-0.28464517056298705,0.01876349521682759,0.0650192599505295,0.09360572727205906,-1.387488429009773,-0.37750112548201425,-1.0089759703758334,-0.7498850958369011,-0.6262630395148283,-1.570875652729133,0.5321161053963165,0.6555153339254959,-0.2814133465000514,1.2805547395564372,0.3685260009691539,-0.6806625030164543,-0.1729301745178841,0.9888414118919282,-0.41039446495430176,0.46213617387465944,1.6091741647261688,-1.2661219695977048,0
1.3737534695846447,0.8813149515536846,-1.9513408704583572,-0.04592567702800909,-0.09050144216652171,0.15350310096617417,0.5859690042186835,0.37124241107225114,-0.46716430856855323,-0.005542122471503631,0.8125418413452117,1.5654008823406989,-1.136198132894886,-0.3520570675826069,1.622221573736769,-1.0281849637857867,-1.418108418817727,-0.7926881037960111,0.46613478325166,-1.4041472443419238,-0.5304411859037249,0.9366128618406281,-0.45704611597423334,0.13552258037910708,1.4991907543231404,0
1.4457199334725823,0.6103179462846801,-1.3209956512762733,0.5711873437886782,-1.1372011822340757,-1.0875686340132518,0.9942026859152894,0.07305312624662946,-0.4196505158829561,-0.41370124324759006,-0.31883198085335385,-0.4766758513389494,-1.348982185542497,0.42718211646744525,-1.2314533946602475,0.3723854746796669,0.9881501699646082,-0.48714967912977636,-1.4293022632911372,-1.639846545064821,1.0580826839383684,1.1205789467597804,-1.2522901715344574,0.8813208530770636,-1.802144088460515,0
0.6777297031701753,-0.3940589449037192,-0.4956469379282823,0.2222249382753369,-0.6741774620632944,0.2530049507914027,0.6355563855513534,-1.2842511549585907,1.3495722007289475,1.6154138088094245,-1.6415543046289267,-0.6353342770307859,-0.43806150386354653,-0.9199211284460628,-0.10771841661404377,-0.22126082195143096,2.3660666785703506,-0.6471906892714347,-1.4713146881493493,-0.09550464684168833,0.22027135807131537,0.8583254808705079,0.2746061603532741,1.636286832340473,-0.3033284769242532,0
0.6708395903330678,0.5755964883729997,1.1479369045083934,-0.18995385348441693,1.0272481133086127,-1.4138418780342963,-0.10462476387872183,-0.3056556272578449,0.21284748412590185,1.1711380673205902,0.3451980379691292,0.8012109499947948,-0.4050257701873256,-0.08156787657909131,-0.6162821131779407,-0.2669468872077976,-0.26604683518360883,-0.22802945368188363,-1.4018368623159558,-1.6233865895773045,-0.40336597264734525,-0.5732323502496856,1.1086408137054913,-0.3528015556143011,-0.9113148239577558,0
-1.3724698139591143,-0.5944344148178785,0.9183405633582071,0.06480528898617974,1.2579403417733883,0.05441189136269539,-0.5127442235201541,2.5106269702082256,-0.667609211955331,-0.525120012899839,-0.49296297700493436,0.07976358966987995,-0.5452675239720157,-0.057742637829137466,1.1216104804058182,1.409883768988591,-1.8296780385116156,0.2902906171111594,0.26450225034163155,-0.23335145603177365,-1.2648849708776448,0.386454227941995,0.3550727227431648,-0.26914930095098905,-1.180412744822443,0
-0.3438812461555253,-1.9477033751689277,0.5036601209936815,1.7968019757062428,0.3861787258001584,0.1782833505249422,0.19543985846068826,0.5818215543558496,-0.2663564442318162,-0.06454118574372408,0.43325690474973766,0.688526674071937,-0.6166632899476536,-0.021898099045952128,-0.716436194242935,0.0771080888105803,0.09253377055603233,-1.065560262327245,-0.012250646349479023,-0.06936834753006417,0.691481011391656,-1.5348838273472878,1.6223222943058009,0.14590855218236728,0.2877457724224702,0
1.1314215601420647,-1.3350225078192668,1.2738128066506262,1.9675743349033135,0.5212188115987847,0.33318637185601796,0.9549317318598234,-1.6397447512244325,-1.8023537900381739,-0.9615766169564826,1.391749603980997,-0.10328485587489855,-1.0782855578438864,-0.7839255975473209,-0.6902082605346567,-0.7425791090945701,0.6730104923968949,-0.35027482827963086,0.39722352984726694,0.14373065659003634,-1.5178958224426624,-0.8187963710220244,2.4670811693946795,1.5535534746203792,-0.2664810393979717,0
0.2268585412509914,-0.793959045040581,0.8854216168882816,0.1504540578640702,0.3632489587520791,1.5488440232143086,0.021541076755465238,0.10639215530810804,1.074189064716658,-1.0128046326724909,-0.8643526038751657,0.42436457044707093,0.13314809959127583,-1.6241346784327642,-1.3283469550913825,-0.33913707080781896,0.6353175023282277,3.7897951234708978,0.12446331205093177,0.23502287545633788,-0.7718452243215816,-0.15188444221922312,-0.16870941084746677,-1.0547650324415736,2.244769119183394,0
2.6331698095551213,-0.13749224944008276,1.8260145874448301,-0.9122345269132979,0.7338919270270456,0.026973196398137694,1.966248513179143,-0.2780174653610234,-0.8246797504595551,1.897544554384107,0.4830018601470353,-1.364623610037266,2.1728683652288927,0.2750588213825532,-0.8409168624721911,1.0939156421224736,0.29231107504302484,-0.2938340428059403,1.209073472773529,-0.7584039076831399,0.4405492059910629,1.0109885276056345,1.3954692927749972,-0.8773030264531974,-1.2300666710634516,1
1.2196826989768221,0.4258461385655468,0.6243990571844019,0.6768790327778498,-0.014784564127481664,-0.4075339559057185,1.626291754005367,-0.4394366728980107,-0.026138635491213397,-0.9923229883493748,1.0242848565529967,1.0418409377327724,-0.3126538406433999,0.11264697248613975,-0.6394646518346098,0.1406079961984551,0.3186718060052933,1.1402817294464433,-0.31821330785772756,1.5224352543937583,0.13175678973444677,0.542176327330287,-1.8557412333831225,-1.2680896785721432,-1.1029752027547717,0
-1.4468588450192268,0.6552889721456788,2.0477555886231382,-0.23485556230514343,0.9840782832298659,-1.4871640102692991,0.2802168194696117,-0.8964996571222735,-0.32516426224725803,-0.028236403644315095,0.31106068201395454,-0.7013150347285155,1.1941610736406432,0.5502886948464552,-0.5777227594229735,-1.375413193575881,-0.9161364966968859,-0.33743178925032535,-0.22765086274191007,0.7251314622982777,-0.7022066249730625,0.42009813634303295,-1.1274241890743921,-0.7717921862709254,-0.30120247087893826,0
0.8871774418644205,-0.5196857123197319,0.6254217789333479,1.8545813332931125,-0.8369994847707563,-1.29889675485491,2.1102309171408997,-0.145754563543454,0.5128532160637479,-0.9210096814060945,-1.2294696163053709,0.9874098749841834,-0.6118752560628957,0.04630801925259875,-0.8686861556263913,0.30804123580904413,-0.40829295599037585,-0.3980693294276395,-0.3128490035953174,-0.43995554053730745,1.1732284706460456,0.7942679658756451,0.7928233031409436,-2.516800939675632,1.0743493921243126,0
-1.154834686599256,0.09155904507446531,0.38297122307653075,-0.5035777244395079,0.047542235654697965,-0.33338183585221215,-0.3307842846719659,-0.585768962381377,-1.0450178374721883,-0.5301633017009874,0.32191857947278973,0.7891955541167736,-0.8340919227100188,-0.06751228364232642,0.16863931571734514,-1.2173051838367195,-1.3465665930667825,0.06404814942279127,1.1531565820898027,-0.34309267374247787,-1.109291490483262,-0.6496524460715695,0.19958160713315928,0.8153371045884068,-0.3734751427435876,0
0.4865381063039687,-0.356647712394705,0.28617787223474095,-1.5330810971120008,0.4551742514552158,-1.1063791273080574,0.15251224702670402,-0.788765940055478,0.11077909272368096,-1.8537176335741274,-1.4322881570101529,-0.18198577556650394,-0.5175924322815202,0.6438028782027707,0.6658310799891456,1.2100096525459492,1.2117981436282161,0.773651257118809,-0.9470130291872297,-0.08345633155134,-0.12838555313862002,-0.19732638099766947,0.7716425834940426,1.2173661104851334,1.2266221563452504,0
-1.4502138805025064,0.23218615233484527,0.20859159781446115,0.8218300168717316,-0.06022854747891035,-0.07624126189834185,-0.43217700399973313,0.6573939553168332,-0.22734545967311307,-0.2886061149812397,-0.4431895731689528,0.22994364540321757,0.5429186820929847,1.2217540676231176,-0.12081738608235282,2.413651414938582,0.7550289098057696,-1.2339934189672657,-0.4707127102704371,1.4547945722935083,-0.5318048222764313,0.8194991084662305,-0.7118310322733183,0.6623120201679261,-0.5719150588520199,0
0.301085792156795,-0.03243345636031014,1.2544466053006857,1.5581751097421093,-1.097824664564738,0.19252371343140626,-0.2961009414267821,-1.0705124866149633,1.3306264380489903,-0.6987563541475929,-0.20022259962282737,0.7621802308000776,0.412903410074524,-0.14339387665883588,0.6448832407891775,-0.8985334493787331,0.7890516795715468,-0.6104561321282942,1.090293894809684,0.44944039787409545,1.5345368124579941,-0.7029944982811412,0.027887474257757672,0.19476886879421895,1.0425016967683687,1
-2.7768354867588654,1.5387790866332889,0.5194359325434711,-1.228506662938583,0.3567074902411855,0.9330831035139581,-0.40341532548336856,0.26315856979909685,-0.21001167307523005,-1.1932853416411995,-0.015028517235841518,-0.42692929602439833,0.4422313544649775,-1.0203902146756607,-1.7026265057417462,-0.17935547323087592,-0.9778953486527572,0.7588672881582879,0.45495451965966616,1.035000837305805,-0.09880753698173073,0.40657311173778665,0.4637839228606895,0.08520286656351635,-0.7491683236989523,0
0.1988852067876945,-0.6343141358195794,0.95081911836918,-2.096712188084512,0.5592723335516355,0.9743362980163769,2.86183045760248,-1.1877744307244122,-0.44116231340945233,-0.2982662975363376,-0.3362861169231386,0.17007110012431545,-0.06351410488081921,-0.8836126014019368,-0.1471186949637522,0.7779792810244099,-1.1553599599805207,1.210833243721316,0.21293743846194302,0.1819807004000854,0.6891138048647416,-0.829654712630879,-0.02063652157013643,1.1242308624793118,0.048323774012941065,0
0.012635308390450475,-1.2154997339851914,-1.6994544803594178,-1.3562280601450705,0.6787932393210248,0.6100180786769691,-1.69771070280763,-1.3474130169777532,-0.11806673324196654,-0.6075536721045074,-1.428460848137861,0.07033365537405581,-0.5325185168326652,-0.9156814227708694,1.6377357740992584,-2.1000170243613963,0.28144905292702643,2.638125177175863,0.03848132561545833,-0.07966529206011842,-2.3237350377250148,0.8406242766873058,-0.14927985824405135,-0.065248864619836,0.4617448322029388,0
1.6179073949305853,-1.1819445950558203,-0.3232811218434436,-1.3486972552503467,1.0936560346148907,0.2908871422592262,-0.13550757802396018,-0.5739003297114824,-0.4155812752695075,-0.12418709549217477,0.12124368800960234,0.34533537976403794,0.8068025294613571,0.20735153707397147,0.3932920484374046,-0.6552805007356515,0.8810543847129538,-1.1467568715967316,1.2871815796225015,-1.2407177956133555,1.3646586869249697,-0.02125691589953177,1.6787504842282417,-1.5344401372148246,0.03464313780690302,0
-0.54591984890289,-0.7264663335813782,-0.37873536829003374,1.5493382807646694,0.5938962422688048,2.7499625133636685,0.1555273105458128,-1.2321293145038072,0.9698082311395541,-0.5701374192419268,0.8756125361498712,1.0593981154461454,-0.7514887115563447,-0.7319040891031399,0.029447524049725865,-0.3905650527211685,2.1960780950931995,-1.4258011161899848,1.9377288838471043,0.7768882960914145,-2.1859041005289033,0.13521052415399198,0.876787756369233,0.38047606703838077,-1.9063306451565767,0
0.6906974484910822,-0.11947653254208955,-0.21008915690825689,-0.6431086965884869,0.5102131363185726,-1.0932248698641225,0.5795068281089013,0.1757716935242089,-0.9917445972587999,-1.8659903392532575,-1.0182105137822486,0.05910371534619252,2.1322727042275633,-0.3395413216346948,-1.19527104778708,0.2764463901422242,-1.1806220140885435,-1.1951373847745652,0.8707209627215657,-2.44494118946732,-0.7481574354608522,-0.15045478682584776,0.10745114463971055,0.15145563277973667,-0.20619906619687425,0
1.3247018752885606,0.13043066710916462,0.5586113807682279,-0.472824159394133,0.7828725663564675,-0.7852820927578783,-0.511025804122039,0.06626295605059818,0.07758725743997993,-0.4997970508159188,0.7681419141488233,0.6407994568759339,-0.4110578191336327,-1.3515457573935852,0.3206782108215052,1.0988642449323298,-0.6217533115993826,0.1402831667869167,0.6085307044291787,-0.5988180892908259,-1.7506657558334418,-0.0024254245776124256,0.6532982957594412,1.3597456662419571,-0.6348220482932722,0
-0.9480358394214252,-0.5306046376129185,-0.7078264472943889,0.22865125026605437,0.49785450873260556,0.15608718072698685,-0.14726323502013444,-0.5387913433271234,-0.15886956446368822,-0.36518962896155993,0.7277380500760141,-1.1308285885319422,0.9578449970122946,1.5419911287893984,0.2718120758840785,0.8905675590225699,-0.444458912110163,-0.4986246903607028,-2.7179423312785618,-0.10442307614615295,0.2837486509004543,0.3052769742830947,0.16130217089749524,-0.07643637325381057,-0.6908070630965776,0
1.0514941437315797,-1.364094596590089,-0.9783068776247168,-0.32015467848294543,0.7244970749288319,0.4603767368381185,0.9832866808404379,-0.07531206832372293,-1.082945797642112,0.19084185955719984,0.5967651147450584,0.7869928412873272,-0.5311459987595851,0.391620948785636,2.670223157493191,0.12171997574895052,-1.036315751261149,-0.6797751844756404,-0.693098993878873,-0.6855926484276598,0.969556766141479,0.6074769177817166,0.055012024908921486,-0.15066179032923535,0.8568928874683802,0
-1.1929088709014406,-0.7153598055662058,0.8134491193682026,0.6063241435049762,-0.3574891533978647,0.36613172193947663,0.3200189108050099,-0.2327346125688653,0.2025675538985493,-1.15502025536614,1.492841427338837,-0.08073075174564792,0.021758412747617695,-0.2672741306080374,2.926998738253466,1.751027527619346,0.3163007550056047,-0.6611361459470597,2.4673903722153776,-0.18423772644057956,0.9109524665637094,1.197113915687945,3.3466363918816375,-1.2377170437119627,1.982867906355714,0
2.055398588898378,-0.26516995697989093,1.6674858478912813,-0.27498190994534305,0.6231808806812235,-0.48325085291441167,-1.0718134788903753,1.2495510054835302,-0.05718913556997794,0.48774289363113027,0.5157346455480193,0.4002423836418245,-0.5954376143618395,-1.7439206624322714,-0.8986087672003403,-0.5944806625434935,-0.20804301474411463,-0.1241352846813378,0.10066344383496889,0.4296072920546513,-1.1413141501495663,-2.150782049832183,-0.5512779078750775,-0.2964035101590538,-1.386757313021756,0
1.9022633977452474,-0.5432246122251306,0.5444950603634254,-0.43979921927822335,0.5764754365253327,-0.8525489464520203,1.0361875481014022,0.4431518023721045,-1.6939629864868875,1.43734694302276,1.5805646816918142,-0.8567922860676996,-1.5399030075830442,-1.0645569542300897,-0.18770714309656072,0.649861025234262,1.4534434713283455,0.860232893277154,-0.16927747906834278,-0.4958342430183842,-1.5927359479634768,-0.16882843952531204,-0.6909818697622659,-1.2578448570117493,-1.4942469465495685,0
0.8958775773966814,-0.98552531438209,-0.2696788982496546,1.9778209886643165,-0.13811801272274368,0.3470974568645031,0.5896377778967268,0.5163013060760114,0.20090688284728103,0.14541335436327427,0.37625858178874577,-0.04199459155959384,0.6999105509941896,-0.4530902303164963,-0.509631104266441,-1.747562731513665,-1.3091339116543674,0.8544668965818596,1.1998608155227,-0.21799558785298054,-0.9899480775658042,0.17552743360915818,-0.5613274093582579,-0.35638722138930923,0.1422862963878937,0
-0.9086096182892917,1.1105173891694344,-0.5244554736124838,-0.5639134352106815,1.0699546932451476,0.13880495227785744,0.1131418159724451,-0.9125802928065175,0.3829731333303571,-0.02483754030753771,-0.3920208490623559,1.1541378175143748,-0.7044621902974124,-0.14546024983194522,-0.5950659943461585,1.9561711633147492,0.025368129649226023,0.5695917642513422,-2.670248725833053,-1.017219501443875,0.33119442043567493,-0.21837892951400426,-0.6897543604301635,0.8770312074558614,0.9961831681225249,0
0.18371965822006112,1.4112966090540011,1.3037379429546347,0.21639800098341155,-1.8870051205580216,0.32869213404610376,0.3349755513878214,0.48208449879501625,-0.5593984857277321,-2.325232309711794,-0.1575035681229148,0.5417410367550397,0.07489288667836524,-0.3625612966629046,2.8137489127516337,-0.598627149444056,1.2434993981325086,1.9179567548385077,-0.844757528872161,-0.5702880341259751,-1.7743524560673585,-0.2938234743109079,2.994079734969205,0.11273244551098514,0.5312749922257904,0
-0.4169587307099749,-0.4407791405123821,0.2727124466267622,1.1222102886021648,0.12944974525866243,1.4464672476043468,1.2242590638421647,-0.23554825900540588,0.7330700108105636,0.6951051739236154,1.0105576796362885,0.11618145637187427,-0.17338456969079968,0.14716720297990624,0.7620696770933757,1.3444406317234088,0.5663232550010374,-1.1240300300828467,1.6398178193773698,-0.7918035644049513,-0.8981917228232729,-2.516500989379336,-2.2630065121629563,-0.27777730480411295,-0.34720684165014604,0
-0.17230093834200486,1.4256400040328612,-0.6882299564665624,0.2247542218488445,0.924877805643251,1.819534850047772,0.9478441999716543,-0.25864328128164704,-2.051040894728243,0.7693812583603872,-0.7695801460088059,0.6777713737190783,-0.014789701812828682,0.12395559707300918,-0.2921457689385595,0.47842289057537163,0.4808786244293701,1.3795969650839575,-1.4829667565120357,1.614611863164372,-0.3055122576994809,-0.8377532954139094,-0.6203884921926717,-0.15410057953451864,-0.24426841210675998,0
-0.7365623664781379,-2.3074811436794276,0.4843459916155624,1.1265930124568178,0.602065136347447,-1.2623285315855144,1.3019318359199812,0.07338929780347399,-1.7263419909396043,0.12056962494561575,1.1643844316167318,1.4177533850409387,-1.1483655637552914,0.9465393106760323,-0.27641677906542067,-0.4689174025432022,0.38526612643262687,-1.7293811849313596,0.15032683610555667,-1.445253692038097,-0.5686212316004513,0.2644321204554022,1.763332819479531,0.12113080174280959,2.000155509536449,0
-1.155473130612868,0.5775819930420524,0.2860628458270311,-1.829862197927049,-0.9466399045572986,-0.2227647736751494,0.3371341493803533,0.6144120239132251,-0.17870469235786457,0.46506925969124197,0.8373438237041223,0.6397428273118456,0.3919134166645382,1.0142461586338982,-0.09770440257292123,0.5171275630021294,0.35730798192362967,1.4855841015637767,1.495770730103468,-0.3230152687798903,-0.6405709756688809,0.03392763605102343,-0.44640084909516387,1.1322130815742686,1.0944064635976696,0
0.19252681849276715,-0.025222042789731475,0.5900774261401268,-0.18942527985501997,-0.0809883431441398,-0.686798519780473,-0.5966345144214718,-0.7877723605415403,0.17717679456919225,-0.3125984793690719,0.5394646838212613,1.4345248987023997,-0.9719496631600333,-0.9601813843671609,0.4803462795791269,-0.5952318353680564,1.2077242080496808,0.4914666110479792,2.250153547700828,-0.21166823337915264,1.150117585207775,-1.24076301292978,-0.46985978179731674,-0.5079072387425635,1.6076452546556688,0
1.9552074831729227,-0.10379571034433309,1.0498178306988777,-0.8890118341052831,1.7777422524087987,-0.4919272698784135,0.28308013771080603,-0.9430149850582715,-1.402797070263983,0.020500611665960865,0.2593041142304101,-0.12596473522428883,-0.7708654780614764,0.30600873542113377,-0.639291143474014,-0.4211744451439371,-0.45683528351705216,1.3487706418369418,-0.49170483580878227,-0.585996425311997,-0.6161913357036475,-0.21611449674226155,0.4276927516920669,-0.39108877335344466,-0.18003745041599342,0
0.6653275054603977,-1.8359799672265902,0.27311424283657115,2.3181147712273047,-1.048597834728548,0.06072561535462545,0.1050648570354078,1.2187021626636807,0.5080031070853765,-0.37742076784507766,-0.5922585601060582,-1.1917812766397935,-0.3535063089431611,0.1718746840843286,1.5006924017825172,-0.5172201001237349,0.7668159950317177,-0.7487909285957557,0.7892331532729955,-1.2461092618052443,0.4489862740706603,1.044176482773091,-0.23907237537850307,-0.34263376051351707,0.6911328773968418,0
-0.7938137565914424,-0.6020490354150358,0.6872123213711442,1.6475037578365817,-0.5254993467991249,1.9364207528963153,0.6540828315957675,-1.0045154818834652,-0.3362397266944702,-1.2465788322812856,0.20964739928835352,-0.9519094291740189,-1.1054385139593308,1.0829437214994995,-1.00446967726046,1.7149095676209507,-0.16039247687410313,-0.1008136419700289,-0.11113440396937777,-0.8005130091675219,-0.8631349931542034,0.6564554570524932,-0.19504048105421967,0.2863051895876728,-0.05379685492023626,0
1.327446600268106,1.1730133822025322,-0.19113084997160473,1.6945796726416056,0.8562591306126042,-0.10861910350845241,0.024425292063664783,-1.4170031871880342,-0.29837027058127225,0.04584675067925148,1.879095048074484,-0.6830681585180136,-1.530737933497617,0.8309342157497798,0.45494083552739856,-1.1678736981385835,-0.6487883633212482,-0.3121653151923042,0.07297516783352595,-2.505670902093109,-1.1976182840601277,0.7102717411949417,0.01050777086409424,-1.6917214192104684,-0.9408165705471652,0
0.8132767548182085,0.5454996825206062,0.5594149681049143,0.4555203357262202,-0.7737554979861738,0.4027365880666961,-0.1746779047406518,0.2625774862658975,1.34750969585767,0.10772930247620541,0.4757349371112659,0.039379177440673596,-0.28398368238205807,0.3379299482472632,-0.7597401701980275,0.05274000193924844,-0.4574965000756823,0.6418254194800578,-1.1990147076066884,-1.5086456416123335,-2.0386128165501636,0.5964891828369587,-0.13853388610419082,-0.5845394426977076,0.5463308738994151,0
-2.0244175610421746,-1.0462735734676214,1.7167746446741536,-1.1354041065478162,1.257611870716653,-1.5635403899669327,0.7955376172433586,-0.5441491255035671,-1.2935499065403868,0.06366673570890474,-0.37798719822585847,-0.09362527505988982,-1.4974651976685782,0.047297642005681345,-2.295039574404024,-1.0826623895971126,-1.664195385791601,-0.6582309519907218,-0.15961345427881476,1.1210160810008645,-0.6590071698338591,-0.6684891981144514,0.20514410134370742,-1.1630348106158344,0.49677043972312,0
-0.21760416486214712,3.0342693882365186,-1.067340371294637,-0.45991103193200433,1.282808431690126,-0.3908098353805674,-0.5672941640863103,0.03679712407884603,-0.5470040544560424,-0.8935256585062881,-0.08097130899078189,-0.4335930254686835,-0.3362676449551223,1.2651853926312364,0.46891783450070756,-2.3692150516703316,-0.12446445340254866,-1.495567948931884,1.17746791452577,1.6132033812661208,1.3122017643028638,1.3177532804620384,-1.9953979917566766,-0.8786270189617319,-0.27525594462959607,0
2.2098827461891997,0.841299133563522,-1.2107134792344105,-0.14208342557043308,1.0714710957565157,-0.24017351846632498,2.660509744589396,-0.2743245759792697,-0.4662331396726151,0.2579200419564447,0.8933695521365735,-0.8624759070127899,-0.4206366753788458,-0.5965351359762069,0.3912385461753223,-1.722775125422293,-0.9600528203672534,0.46529467362317567,-0.11925392031014126,-1.2584827656338762,-0.2841118128601521,-1.192184461944176,0.19101119878022424,-0.37363901107898634,-1.7904732839484259,1
1.8151985258538246,0.5510599785430209,0.31082362792677287,0.7959357823048229,-0.3797065363711089,1.4537447341843925,-0.39850563115029564,1.3028240545000427,-1.2702541320559593,1.2974512303907513,0.9453761147279327,-0.9599334598766985,-0.24627467250858498,0.6508564047273505,-1.4877765174172135,-0.43970163147956187,-0.719630572018938,1.3509322381484052,-0.12906537417397906,1.2230286757642517,0.709016777622197,-0.9599825261363768,0.4536904672120383,1.6945992661041471,-0.20253395673394267,1
0.7390426304699942,1.0312016436793103,0.7464476006370819,2.0618298654401856,0.9697630329886823,-0.26286096725094565,-0.4178949868892754,-1.777630682267414,-0.04198184527599874,-0.7917859766113544,-0.738457842893571,0.3800746971940471,-0.054814125468253844,0.5571422480273465,1.0739170236095013,0.46501412874339443,0.1430038881634883,-0.5343223392614774,-0.422205032382306,-1.8277528893474813,-1.6191262392729144,-0.3596633447741879,0.8538502642141694,-1.42467198277135,0.05388891814055602,0
1.3877345492205633,0.7222367746136282,0.8912329107868416,1.1337011156080432,1.4464511164925844,-1.90997212112761,-1.7034690380001918,0.6687350672090147,-0.5824898441064688,-0.7731094297835188,0.27791689732942243,1.0862481447325887,-1.0667432833468193,0.04232693087884602,0.20198071474942944,0.01715148346044804,-0.34824238376102035,-1.275889017765281,0.2690292605063037,-0.8848619373494725,-0.9685220213521835,-0.5693558803920664,-0.4738554836799476,-0.3336610250973195,0.3359659843352788,0
0.20278075423891762,-1.1727485306189742,1.7622664043214293,0.5632070764170294,0.9626690247172679,-0.5362148368892397,0.3403725438049796,1.1372316299135434,1.1556987573329325,0.6931561818645959,-1.557469092338529,0.9176176149059052,-0.7958195304271558,0.011085260310811113,-0.02859708684897716,0.5075783472308057,0.5313559564564947,0.16126618134899715,0.6729247130579392,0.7798527752312516,1.2748464513207902,1.0146380068965366,-0.6466102007495376,0.7931613316454661,-1.2657828718089037,0
1.3845388973967112,-0.23404085283265408,0.5530551412699858,0.5017457049164272,0.377146758971987,-0.1687468443761275,-0.2941041564768502,0.44654310812446235,0.27046908925823354,-1.287548740569579,1.071265769798246,-0.733408471826854,0.9090259988129044,-0.5470704551388519,0.9516523681067593,-0.323758132529116,-0.5116207990786331,0.31110164584234334,0.8021791456074039,-0.7957471138291871,-0.6430255989615219,0.37204212107290585,0.5861106400419033,1.0984279947506848,-1.063237768975117,1
-0.6396813637399756,1.0848095296334048,-0.10626158814049613,0.790133230511173,0.5640063704237199,0.5090809769086805,0.09566993424326528,-1.2794226564902467,-0.35802391378263543,1.5748195960923792,2.3299599229622046,1.3148192761993542,-1.4080053478172783,-0.7999294081640149,0.31718927176701694,-0.14146340274885918,-1.3655968434770378,-0.4258005183735347,0.15395673320557346,-1.1887864984916345,-0.26068764641417735,-0.9372806021136894,0.8372323764684725,0.2770041369502324,0.008011028899271806,1
-2.3848948818372047,-0.09216137556406125,1.313157273937223,-1.1132056234799839,-0.9149938757308811,0.39044210445776617,0.7203207466554097,1.4747085092923262,1.1049013378304342,0.6583024646137502,1.7842570558244144,0.7328327799069235,-0.842024259952943,-0.9380878941367115,-0.20182667581556601,0.4201135233603992,0.3201517789106385,1.1300384389251288,0.5324316408601881,0.7081234275026179,0.9677645464884715,-1.2605707432572568,-0.585322786407184,2.281587609986285,-0.6116827655543967,0
0.42264748599745694,0.2625552224780432,0.1709877225196216,-0.9168879219530811,0.6060865276076921,0.15388582745705048,-0.016412017260977907,-2.5257948356199176,1.3889659605831532,-0.22458446147290378,-1.2544176318967728,-0.24150704771756415,-0.22951404176913248,0.09333568419040372,0.7125212496177794,-0.7921886882446906,1.0031313700080435,-1.367350138694393,0.7959816314387633,1.0667397577754238,0.29989443911523883,0.17983010384026582,0.32460089562702965,-1.12093365739835,-0.18033294808706024,0
1.0250793570183838,1.522696809169557,-0.18975228922703308,0.6497247871655409,-0.4615411405153432,0.07898678653239366,-1.3093705647263394,-1.7121764376772635,-1.4645571184030257,-1.156981025594991,-0.297828348773191,1.3518567843799552,0.2844767839980623,2.2828739353051457,0.6835295787825411,2.3190520869886715,-0.9322749843373815,0.44978980437560906,1.996093078558276,2.012249110430112,-0.7411620196337407,0.6947984806988745,-2.5190744806741936,1.2082390273978916,0.022127685471601044,0
-1.0227038091890057,-0.9637620703600482,0.9844987507083331,-0.31044623224807455,0.5789513800736181,0.5773462317671378,-0.26851661301577107,0.4850973374110633,-0.8765102111674757,-0.49846799338626857,0.9779178413357246,-0.8822247441692922,0.6974574576363205,0.9649746129595476,0.26125402364449385,0.5123252435458563,0.5286189443815217,0.29315848046303494,-0.7915969321087758,-0.7977956505102431,1.3066406654797336,-0.01238193738322424,1.624031419799274,0.41386289918852404,-0.9839364333869431,0
0.7226306921089239,-0.5910757409054327,-0.881830423808497,0.15820281759416088,-1.1895710676652338,-0.4501977572082929,0.5685341062140037,-0.6264677645786487,-0.5028143112812343,0.6421399038506515,0.8138213525974617,0.014416569448050615,0.16306660935256193,-0.8669375121486125,-0.062193630977422476,-0.8645694367321934,0.12580556027333728,-0.38677784372504687,-0.5248115258102464,-0.08961591750541321,0.2588618797133758,1.4131953568430426,0.13535418879545247,0.3280892367201567,0.1021211351663237,0
-0.4757569321043224,1.77108195015835,0.3876976876331221,-1.6711805069385455,-1.2680977059896836,0.753277705373901,-1.689971310980214,-0.08046614682345687,-1.8667999221399876,0.2538522380028886,-0.311600839528281,1.4208514764820168,0.5736324516278839,-0.11141537631576603,-0.05680753090221513,3.121283360349792,0.3637140179922146,1.266836548814931,-0.9991857537667879,0.39429563070893275,1.420563660142068,-1.4442630667855956,0.4775322860925782,1.3287899710736784,0.5910218329089989,0
1.1319254452895913,0.849788290151734,0.05656184939187092,-0.013092848012779892,-0.27178552088110075,-1.0507405636123937,-4.728793582725599e-05,0.9304282045475971,0.6559626844759667,-0.9974971282727908,1.2917603219498375,1.5340343494332438,0.8488674080827809,0.7094386584225946,-0.4212073806792476,0.49995170181485815,1.877148928797376,-0.6266047655514333,-0.11863281967124262,1.5184239604882341,1.3483930719919275,-0.2901092774544667,0.41595482172695525,-0.9472280068867817,-0.009734690037229734,0
1.3797997505336739,0.6023064442024346,0.3642387065791411,0.21508442749789786,1.0948089559755578,0.3018259212571055,1.4208899378031739,-1.3467633730410355,-2.2274812431008115,-1.5336889328219019,-1.1358129411326796,0.07159801647524308,0.5954524125325814,0.2585846783268346,0.18913119092174205,0.7123679120684452,0.4921558968984795,-0.2794071255359831,-1.6345580309266223,1.0579902138627315,-0.41634810214691237,0.7511005624868787,1.492640399124275,0.5210322814225875,-0.20658216566556456,0
-0.3926183096803648,1.310630945420664,0.17956688403210092,0.01574168536174478,1.8128581799215018,-0.20113997302969203,0.13479171715880084,0.11980248520948594,-0.4036781026085539,0.6153104931863992,1.2034211301234463,0.09057107275660438,0.23400662812494039,1.04085254858736,-2.068803947501685,0.7260081955350726,0.5924765909808898,0.060237021365417476,0.05375732867708116,1.8452394218140384,0.7969686836073453,0.6892582604270233,-0.40838982148098146,0.9460096184374963,0.011770199515416427,1
-0.014650677627065683,-0.9651198513122906,1.2587842892978316,0.2636409367843785,0.16695043841616955,-0.7219583159085748,-1.3309815908195382,-0.5398694314330085,0.8816423296811856,0.9989251168576071,0.10043238856071139,-0.5208441287431933,0.15798603773263595,0.9862988610609218,0.372770076904397,2.2506276991669965,-0.5431184145678929,-0.04202214836913418,0.1707630147436934,-0.479122470418976,-0.0015276861660046548,1.7526505918937987,0.6348291291228388,-1.5259093088074989,1.1207799196228965,0
-0.013575054880964915,2.4505617467902145,0.1878080072654528,0.22329397712535473,-0.2185547786061188,0.5076077671408379,0.7704570783620921,1.0092992833875771,0.6030742858678735,-0.16996411668012673,-1.5492864344202266,1.3706663583417216,-1.2035721162575663,-1.1242421811140142,0.08782221938861423,-0.016509271062579323,-0.09276054893889368,-1.7588693168569138,-1.5627443070308926,-0.950980404787174,-1.7344140108491457,1.0907835583787957,-1.2113748262138881,-0.9443828567297919,-0.6647654137045753,0
-0.9110351026111965,0.43622868659648745,0.5905094610867201,1.2189021084809386,-0.0860260635276158,1.9316465083416268,0.2968296159829912,0.5812498018183954,0.6144741597939102,-0.21358410255010363,0.969221117074376,-0.0777863148237121,2.1831011583390096,1.9172877145923286,-1.2532484342056305,0.07958602586744642,-0.5017713225191813,-0.15370187961899817,0.20928539557914205,1.1291735187467384,-0.9115292199445761,-0.3680932087317902,0.4301749416478539,-2.006199821836479,-0.026946019234890553,0
-0.49071808950371487,0.7517315286657502,-0.5211238535762533,0.46969227801575997,-0.14295582155487324,-0.2631983123521014,0.2886718493388406,-0.03295828850086904,1.817728439618131,0.6584464985725781,1.0192330564518213,2.2878675145262743,0.5569682861991059,0.36018880435605904,0.5902834681289141,0.8654719446063097,0.2373659304612899,1.0049562441377284,0.6595848379142055,-0.2784933665508637,-1.1684677644180954,1.5944761718499993,0.5199479471762753,-0.33619278358713617,1.6578927828893617,0
0.7362112968549139,-1.184120929969254,-1.7716275184354364,0.844778561175475,-0.1515273037444384,1.257603005723159,-0.4485582742874648,-0.7306862464325856,-0.06495305152575656,0.5263003335167884,-0.03773112388252922,0.43845353435401535,-0.28115065674135886,1.477017440464675,-0.20941088966490948,-0.8235827253381529,0.28409165162564065,1.797991649506059,-0.145060980332184,-0.33001979801991255,0.6510684372676495,-0.7739121173034338,2.014897709963264,1.3355779661512932,-0.9486136240077071,0
-0.5196588336409764,-0.6197667869411913,0.4531305217636773,-0.39366610629488247,-0.5655395203431408,-1.5354415324747008,1.144746401959011,0.3319549187109188,-0.9221606552493111,1.289086264924925,-1.0726457394133249,-0.06057293485219614,-1.852864443799848,-0.23733854275721544,1.9621972591930241,-1.066037151016965,-0.2820444050790345,1.333533232136973,2.01819608790195,0.8317563148821757,0.8642625804007786,-0.8281652806549477,1.2331707954692364,-0.3032001484827897,-2.0052921947974527,0
0.19693951148353972,-0.038710041837804986,-0.961151675347491,0.7042133346513175,1.2170261933226036,-1.1327159678774266,-0.2147415439153648,-0.8248707615550606,-0.11359329420877998,-0.01570338862715915,-0.7730952146778999,0.3551848171308656,-0.7000209781642316,-0.681587523412272,-0.5605806669442996,0.4664760752239846,-0.5608805660039433,0.03633422971583662,2.234624253033704,0.27569288033781425,0.06761636318287738,-1.6825280507191123,-0.600697155791291,0.7141553982305578,-1.5186915198629711,0
2.0400720490325757,0.16050765027608171,1.757665506974423,-1.3125897260164217,-0.11278544049866224,-0.041424909792506376,0.8479615346583553,1.4428193525072013,-1.6724346154008656,0.5254269466330445,0.5440727910891024,-0.6862333231866624,0.14959616717975185,1.9009068024002362,1.7099107600164647,0.025237290974234716,2.2198300274546305,0.6367905805518739,1.9949747302717655,0.12449184357426372,-0.6666721032211775,0.6537659658065164,2.59015273082762,0.019411163014010663,-0.5870196469485214,1
0.6014460542722594,0.6276835579461918,0.40347439589614115,0.2823620124441181,-0.9079219685819553,0.08446175557198454,0.03425221047999638,-1.6858339138376537,0.8856769033758018,0.31217494302042104,-1.6622174641654546,0.1958789868167847,0.6117031696032456,0.3849821340420344,0.6709040880315081,-0.5533673013484441,-1.8339302421277752,0.14924939580910182,2.032391909005861,1.3023940756485703,-1.0343599778191148,-0.16202105149884155,0.23589870441955355,-0.7115289259046494,-0.9291569435069834,0
-0.39424056927793116,1.4540336700537868,0.19440883987547483,-0.9875301489340388,-0.7916303245031548,-1.2547792140452705,1.1570915895408918,0.08348847423814104,1.6815362594743366,0.06383331601903641,0.7833785967125464,1.2947369132981603,-0.30256611175932335,-0.27331887086191897,1.4907670063794751,0.28055221185033363,1.382453320893215,0.6306428649629201,0.12315116490634634,-0.9031856132631841,-0.36155930591402363,0.5664576716273888,0.8135933639462336,0.3283795245992779,1.6862133213586934,0
-0.7855122502878676,0.2771701651851645,-2.5415556138387316,0.34700675298976913,-1.456128000197418,0.8570971194017977,0.03985143542013525,0.1929393441366955,-0.38479373879593287,2.0316151587070364,-0.8767470289367782,0.299487977645358,-0.8754629382281177,-0.5807866862525318,-1.1993366875755607,-1.297889779948096,0.22969447300118306,0.954859940338028,-0.6080723698039919,-0.05072990836830943,0.008764680154230375,1.3826243964691396,-0.3757400562003572,-0.6053933299815953,1.5749113776962063,0
-0.9596737738823038,0.344799388608002,0.2658552803322201,1.6761931058455468,-1.9447526595964229,0.26445196599825593,-0.18656547561218106,-0.879325970784531,0.3463010283413684,-1.4409804973694005,-0.7303250857815275,0.10196015898201881,0.2989588960023388,-0.5233308828319303,1.1038429911055374,-0.7653274605748452,1.0384084691989484,0.8500203658641808,0.5709092059909934,0.7911641908253433,0.8402760945634449,1.2379640835604104,0.6300033506419025,2.9227575927883054,-1.9074523189623844,0
-1.8713102371986576,0.04293628251297077,0.5813569891040016,0.7585700988241131,-1.017525402590593,0.3184215010794621,-1.4988101582226623,-0.5032810167601074,-2.0868035223689727,-0.5244194159071276,-0.8356184763443646,0.9974984475489727,1.5177973940696343,1.9948976252024242,1.2771868361302625,0.03955536177615865,0.5515375791481727,-0.0707542279827108,0.012890369040554878,-0.6703783819294196,-1.926954843241674,-0.5085197988154293,-0.3629754020980972,-0.025130483239857365,-0.5350867465925025,0
-1.0095518705423516,0.5380088549801878,-0.4591519098791568,-1.3783532621653372,-0.7049943016777946,-0.5727908569674917,1.1927369043563059,-0.796304323414738,0.00713967975880489,-1.1406191955835527,-0.010314555785522303,1.3432955119203727,-0.6629286274180932,-0.04789865375026133,-1.83114002776453,-1.8052611447122686,0.7652667923806356,-0.5738992476612924,-0.5729572218887543,-0.8360231559958898,-1.3253266669130968,-0.9591456998872043,-1.5421367196288258,1.0141724982860685,-1.4691524509176566,0
0.3845385666636913,0.7633265151067048,1.6319022834866246,-0.6851665254254455,0.6166391672445237,2.058437726859982,-0.7468355733014629,1.0628728997381434,-0.21622695462794092,-0.22173128356265426,0.5730375594220942,-0.7585734879914217,-0.24189790840849146,-1.4872363745038126,-1.0779897669568512,0.1978916288563537,-1.6090991947146798,0.2527081468626037,-1.9244082067927033,-0.49865303706246605,1.6508275389918725,1.6523960701456113,0.7090731309027682,1.0434802154854703,0.34874091792600836,0
