X0,X1,X2,X3,X4,X5,X6,X7,X8,X9,X10,X11,X12,X13,X14,X15,X16,X17,X18,X19,X20,X21,X22,X23,X24,Y
0.21495159742353553,-0.22654693573717355,-0.2699524899663624,-0.2575012932390839,0.10002318340380256,0.4541450431117995,0.29940794954961253,0.47277738304687456,0.08549713928034972,-0.041551006637178034,0.014683485598735543,0.19244292701617535,0.1812100962828343,-0.1767127071643369,-0.8275946660246942,-0.44654657113745455,-0.43278245862770126,-0.5086348260585449,-0.8388357293645721,-0.8220067565240794,-0.7255298229000227,-0.5703001413305282,-0.6798905915525595,-0.5944431772574793,-1.0967028478367213,1
2.867746860743159,2.291403177019397,2.123232394802225,2.66113657807071,2.5495617378063153,2.230124412668214,2.2069395070723963,2.3241447954568364,1.8484818847082463,1.5437935981372362,1.502477410349292,1.5832533912473867,1.7183539536967158,1.6671101479767283,1.7474993195811148,1.691760225108787,1.6844058303217453,1.5724118237888698,1.2779448436776988,1.204437173404056,0.6665253248311664,1.0155012673057182,0.9236756488002396,0.8490576997819859,0.8314239676728836,1
1.5860771336527926,1.4116696730598775,0.935439112779926,0.6899533911064497,0.5438915770282653,-0.1403677763142743,-0.38350601669255197,-0.18961081647745776,-0.047031045399822335,0.20399661602940378,0.7972295104475456,0.32959508141764776,0.7286278113567013,0.579803442040126,0.5313320864707163,0.42925437720877563,0.8780276776017699,0.5799668609322759,0.9142229275334313,0.6144618918678728,0.0010757236960917474,-0.12465586305844907,0.1899396200257024,0.2046595458740331,0.7872697311849074,1
0.21658630731553163,-0.13001157639560956,-0.2358617943107611,-0.49077596203241836,-0.2308763792887618,-0.2139835558856237,-0.33418299725711137,-0.19114131083303154,-0.5826228313929058,-0.2910334254736895,-0.5255742338878856,-0.4593602364708444,-0.9905846631526272,-0.6216757182228382,-0.4006159805210929,-0.25421042281677864,-0.5817003136518015,-0.8438257073595516,-0.38255131045659746,-0.15465855377221993,-0.40349087594751337,-0.5218487764003383,-0.4494195190025052,-0.7755310003947784,-0.7014018110660191,1
0.058239384063896116,0.6139426829808875,0.5886850732875087,0.7443356468390593,0.8015178843410155,0.6655814145525488,0.7366452675885231,1.0558715674102608,1.1031021355925386,1.361962539148543,1.377444152559335,1.5292164995156936,1.7104486535366956,1.3718054151831045,1.8431685474164174,1.6872953331031515,1.4638293231615285,1.632501992521082,0.9950068882276873,1.2072266053035412,0.6332904911118924,0.7128093057835145,0.539580504194545,0.20681372123681033,0.11088773518240658,0
1.7627529450436303,1.0912046025872302,1.3213243086038715,1.5178890298384469,1.6499560641310664,1.4080003619843493,0.9251996676447407,0.9280307825763068,0.9443593253937506,1.0179380234526476,1.5924577631189503,1.6646338063883646,1.8642388647042745,2.3722933556924324,1.58506678452409,1.7783025788269677,1.4785672369858274,1.629958807055695,1.7180685838834981,2.2510491774422965,2.0407777133294305,1.8355148566715376,1.786018658644323,1.379319212917849,1.093961945491534,1
0.414226790559118,0.10575146027712394,-0.052588910916656066,0.5059817809329217,1.0198187915885808,1.514297642519378,1.4257350141837957,1.428304158990957,1.3910370785215787,1.68402946786594,1.1956448518436857,1.3109821055517743,1.2512513507618466,0.3921308844330157,0.38390466215379465,0.7356797226463487,0.5650561642944293,0.5734233701267294,0.8373842648829286,0.48252722678409327,0.24295326773773318,0.11074189758211281,-0.29967896714773273,-0.0039789697112857575,0.010342391932351324,0
1.0573862833370284,0.44742645079521615,0.32466302746797393,0.0920844706254424,-0.07290128440187799,-0.21907091640625728,-0.5420224494064829,-0.03952610183442895,-0.39460040866751206,-0.4931707438188627,-0.8858735120114619,-0.978140503886256,-0.9047006178273653,-0.5284139718045605,-0.5691946094432284,-1.0988634023670514,-0.9396470263943564,-0.9480838541647783,-0.8542810149350626,-0.6849774679640904,-0.40364247549882354,-0.13112286422639519,0.3839916087658025,0.02640011010079468,0.219102228891823,1
1.0984163257379593,0.6097317729965966,0.8140893688328313,0.19210848018655372,-0.03863706333150674,0.015639728302989292,-0.05343047236513726,-0.07431128934598163,-0.3783756718074602,-0.06731952673282263,-0.33984872742865335,0.21185735664439842,0.46548630958017295,0.17889255294179326,0.3036402025182393,0.8683940909468683,1.078716094214726,0.9016981358099889,0.7415888746422994,0.6082722597047591,0.3626970402589179,0.430323450440924,0.060297016325812365,-0.19092521859323108,-0.11499715945649655,1
2.520080081999538,2.0113574714961753,1.5921364789392662,1.4559144545162321,0.8475676138660171,0.6285010743047911,0.933663548936394,1.725905870226679,1.6914849668739236,1.5632654120809493,2.153217403806901,1.5789032190150059,1.2013516153266222,0.8879476781748425,0.44193242188986415,0.48579148247203924,0.3032772123721764,-0.13101261856460156,0.055897251695306495,0.04647378881246044,-0.07073397763475962,0.08721824167387904,0.32812053163788246,0.2575386923138783,0.4025194188003694,1
1.3873996112435532,0.7352611283465507,0.545173454923024,0.6008883160429423,0.3197148513966359,0.7634718611310668,0.7676680482122296,0.7072866068903481,0.20960677528099647,0.06310610072363287,-0.09274004741360506,-0.3592921385328003,-0.6298667994581519,-1.2049514163075836,-1.1314602996414975,-0.9073764939949449,-0.9093898288705051,-0.8551313504828592,-0.4399703157104676,-0.3454213287140209,-0.7396998469778562,-0.4241784134608501,-0.493760570771664,-0.6163183437190654,-0.6228052235211954,1
0.7381589383649914,0.6573261774890631,0.834794265768557,1.3286711904307311,1.6698835666323397,1.187463657219106,1.527206031815051,1.5035996951486694,1.4845154630393727,1.357707877261952,0.9044496257552471,0.7139480306851886,1.2632635409580835,0.6032605205440856,0.45091637104745996,0.6702060983657879,0.5039321153659433,0.5852865802738438,1.0507643151524808,1.0203529151522908,1.330676180716761,1.5956284436571688,1.7457528107247773,1.2029392031160893,1.4658179644711906,0
1.175858605090768,1.0682042637505993,0.8278805907511223,0.558067852080669,-0.10008354501270261,0.15477581469079127,0.16479861258537085,0.5619571697205663,0.5537379057778061,0.49368882222770516,0.5492993975672962,0.9776194499327331,0.8868206479653962,1.6119611846830206,1.2735631837856587,0.7445516219309398,0.8358962972801776,0.8434755266539661,0.9718021632265954,0.8139784979696788,0.6125650545545442,0.46597336057020905,0.12351079545235455,-0.17834316470168235,-0.6218280335742526,1
1.7002707954209189,1.2841705925713554,1.2538779675874696,1.3427545506818024,0.9952291775689588,0.35708389097042015,0.23547216084304676,0.39790668752388964,0.7238792419703077,0.847393378719695,0.7570183447354403,0.6828222218638536,0.8856414477591075,1.0497997871438038,0.933628456752705,0.6155562146779023,0.21887867155365293,-0.08496906405439883,0.2885347690225283,0.21327539973640247,0.6221385479109209,0.29995585450410583,0.377733048934096,0.787227841931935,0.3094975810840321,1
2.3904067990982787,2.085066017132619,2.3369697512172936,2.855010787161273,2.8635215277419532,3.205446383962564,3.5347653424117658,3.4709272113731497,3.044682623073693,2.4334623397674564,2.0443790848640933,2.1898888429968015,2.410995546793987,2.1873251692920754,2.178700284013333,2.3364505724588724,2.2829099187637465,2.0876773476359314,1.5364901906306472,1.2214510176054314,1.456858127651873,1.7140796638907954,1.0496706266574902,0.449842156916827,0.10313044720687511,1
-0.8413703748579389,-0.8374945106377029,-1.349617275367061,-1.5068749090757243,-1.3299498334365027,-1.1142538624438025,-1.0252846998914267,-1.0040232989927735,-1.2724266788152567,-1.0866690055202934,-0.8325469354308719,-1.1002128606429815,-1.4870268709601213,-1.547407377300888,-1.6626774482820097,-1.067987014470329,-0.7408291405130968,-0.6083741414453252,-0.46734671795767185,0.3076184968071115,0.2174358714866845,0.5513637400453693,0.6552503474231239,0.2771650073973096,0.28200012201895275,0
0.23394440335815558,-0.691641311833304,-0.4392205696402928,-0.4555475076003864,-0.6876880839758286,-0.4497989899396878,-0.49069624832124875,-0.6486635661914848,-0.29847713538634896,-0.3238830548494448,-0.7836321206081701,-0.6393477444514292,-0.7266142178297459,-0.3984138995751906,-0.4056195776153477,-1.0455717041236765,-0.665813683759393,-0.8502360290566794,-1.1960974352175902,-0.43507505998431434,0.0836129691435622,0.49171977057389604,0.5116492071478951,0.05906415085142669,0.11566059715902402,1
1.306930468682628,1.0814237779358797,1.2215539770912887,1.0402209776205138,1.0827409816948572,1.2148423831492126,0.8175065235135222,1.0271079209123721,1.1376570866523725,1.3624068531608093,1.3640157346384358,1.2996130025637953,1.8128664078367847,2.4543441944596323,2.565013791812142,2.155833150772123,2.2206984768334324,2.2302319805665265,2.3219036855042243,2.0627255663279547,1.6879063180506697,1.6950511561489403,1.522863958603819,1.807520637967873,1.3574773637851627,1
-0.8802326584095801,-1.1501264040935344,-1.5830467677263633,-1.473839754951755,-2.1302460968264247,-1.72902124089244,-1.3533833258995012,-1.3825991327768898,-1.1208711791799724,-1.0996466594069803,-1.2319532097205743,-1.5870514880659268,-1.4845441020483283,-1.1122077616183432,-1.1263536078102994,-1.8169284224767757,-1.9235158696488064,-1.9118622788050834,-1.777901065925955,-1.6373936929955362,-1.9001990099910742,-1.817197810647464,-1.0293328024801067,-0.8922656165924788,-1.1226688168833467,1
0.9391625387721974,0.4902463087483085,0.2652251947076041,0.16447191488871282,0.30346454232453424,0.12801313656931448,-0.3698711739833616,-0.4369338760576207,-0.31498336658928866,-0.024539614061055384,-0.35136487042468234,-0.2515130642251419,-0.02418978901909137,0.39078617613133215,0.7386734947864502,1.41321642707675,1.3059419970561992,1.2021467554061538,1.2313654324377854,1.0066215112177115,1.2580068434108946,0.9803506342231942,0.7837568609550157,0.4553460468295387,0.2663301416415595,1
-0.7926953670662271,-0.9925279440170498,-0.7098420819297404,-0.5448732273575593,-0.7806525572857468,-0.5609068824561325,-0.22753005800232995,0.10930343789447584,0.03292244095518465,0.4296536614982476,0.0116977883352333,-0.5575663040266087,-0.3137758287467301,0.31120069982458853,0.8357374483971326,0.6034590687759597,1.2563730281706542,1.319301461338772,1.374767011977812,1.3454797047498024,0.8230093807665209,0.6998204401007514,0.8926135204955515,0.9109383408810553,0.9886389051789132,1
-0.05949495211413426,0.04889052032586765,0.1788986460181829,-0.1403957791722411,-0.34498904932819796,-0.20235096970628821,-0.584354830329759,-0.12110531500239419,0.2910802664271853,0.5088269148366698,0.8721374435841481,0.3040440604523692,0.28995064080159483,0.2744257129060993,0.28196150951743776,0.14040173112790622,0.8762803669157033,0.5992631394603929,0.944018425528449,1.1982704284348886,1.1252715287224544,0.3984752030838366,0.5643428209847148,0.567963444346887,0.19208580566855732,0
-0.10083748959570145,-0.40151749880435567,-0.6228503114976397,-0.6371134074071473,-0.8959958262091581,-1.0373541386575587,-0.8210874677014515,-1.1323579125905314,-1.037058382669595,-1.002752580187735,-1.320746676543449,-1.062022032905777,-0.8923062634089787,-1.4061742238114812,-0.9377951125951896,-0.7437166114282081,-0.3093739756992767,-0.6281211450823561,-0.5413028030655003,-0.7575566235769788,-0.25430092206450305,-0.1476992896043645,-0.3726245935158062,-0.33238633076170176,-0.22049611949506923,0
0.979185450667345,0.6237796528439676,0.8135642858319788,0.7791395200426501,0.42732221484338967,0.2833999268461095,-0.2982498236748835,-0.7097828051215401,-0.966558625840858,-0.9859945164536509,-0.5439306478440696,-0.7327017326036237,-0.20197928696715994,-0.3695936823735039,-0.17279163510701184,-0.39028693695537375,-0.3815380635044795,0.07366214149910522,-0.016427314133752924,0.011901432036908133,-0.056572964958746405,-0.29938804763198484,-0.651231156444723,-0.4930780243567066,-0.47747405036024054,1
0.7931840857411258,0.24693375953120325,-0.09290926368286113,-0.6600751031445246,-0.844938175953635,-0.7689074916596875,-0.8162204723577327,-0.72397820644269,-0.82706029785408,-0.9141301850883663,-0.9708442271641444,-0.9672181666324451,-0.2997028581049531,-0.24969342676684775,0.7010863523517723,0.8071113710106868,0.998414981258086,0.8444676978123755,0.6668145144475217,0.12398076205152384,-0.05402841379122849,-0.45810168476142904,-0.8917352069977313,-0.6182680958408096,-0.7253718030059066,0
3.2356393868525535,2.6612264453571752,2.264489531723279,1.4470000070292135,1.10663070574156,1.7230795371185683,1.433101731080338,1.3850089001800394,1.2746858096557776,1.096622460156999,0.5316284960765829,0.6083514203028474,0.5649247545920586,0.009758865595807444,0.3718566997045553,0.12006192054250535,-0.402573630213145,-0.3398944959627893,-0.31085192436924824,-0.26772903226081674,0.38654141871839504,-0.1640353283427512,-0.6209775102155817,-0.360983635135389,0.7845520515782772,1
-0.33921823259423833,-1.0214967909774095,-1.2546349417033813,-0.35525980698016324,-0.202332224949768,-0.2457616854464504,-0.1493059157158646,0.07077159471061953,-0.5545598105487504,-0.29619984077701844,-0.7937668732917735,-0.9941712277171778,-1.2331000011120106,-1.3800892098025221,-1.404710140715767,-1.3889565387795206,-1.1741922909067186,-1.2163241690324256,-1.248495548384832,-1.1771684214323845,-1.0921421007230536,-1.362273013229269,-1.0171094558799436,-0.8020641008000319,-0.28327070833562146,1
1.7426538397638236,1.3708214710922917,1.63212539875931,1.321913681712537,0.9848450927673782,0.7995355722347858,0.4342761236090873,0.2559188301486346,0.3063549620145233,-0.30899497550216504,-0.702901982659351,-0.39427976865989145,-0.3395370285435486,-0.231103757154535,-0.3801846189462669,-1.0078806990417408,-0.82395493580005,-0.7396673886160258,-0.2972096692688468,-0.46554821683738273,-0.20937046229421835,-0.2037841858092705,-0.1773185493557308,-0.8870570653380748,-0.8331674393597494,1
1.4192177512707294,0.8269737219213055,0.7439043242026238,0.9376004568498635,0.4536781680856433,0.5872711576336271,0.38422335759955567,0.6592219129608965,0.6012052130561132,0.9831421313779125,1.4375110174229784,1.1334875030149152,1.2968633371287133,1.180008577723203,1.5139063461319688,1.6167885225141987,1.7822635577183312,1.7556801169144174,1.5318553807907307,1.883093291648317,1.6394070648968835,1.820075896822279,1.248307290141703,0.8371626315349531,0.5257156359814436,1
2.231893450908623,1.4010675076892767,0.8002635923538024,1.0910416878390072,1.1539143872344024,1.3969571554535598,1.4548319532666762,1.5999969544078823,1.759817411664632,2.306966570287806,2.2626264149005224,1.8087559484347793,2.113766570853743,1.902539884712385,1.7699255453318037,1.4432275600643334,1.0686599750245773,1.5807581048774932,1.5797618452409048,1.7759290698988706,1.51608867115877,1.0605465220418444,0.9041047188141632,0.9645738099067283,0.7867257845281312,1
-0.5767068587366377,-1.276392730769554,-1.3591949920274033,-1.1317370380081373,-0.9472366498873508,-1.0330049929048961,-1.1661566993875043,-1.063742904547178,-0.13026466049626445,-0.23024726286841793,-0.17976589264167983,-0.9213426461101916,-1.2741842613591747,-1.2401604586125223,-0.8725422148641087,-0.8253158628454202,-0.4431395193617482,-0.539529715117166,-0.11341792790661964,0.11459726969827382,-0.0004436609870932598,-0.16588210900196443,-0.23517095754308218,-0.31564538315086665,-0.6746800687496005,1
0.9281572796517338,0.49802459996344034,0.561455304826559,0.5235293812329764,0.5681977640271861,0.9781780676438976,0.7905567397214581,0.8385940447538208,0.7000168323231986,0.3444384493855164,0.3428797740005586,0.0013965618458929435,0.11306454906994282,0.0063333192043802805,-0.07095744020378121,-0.041963295089693084,0.3630557822870883,0.4451997803267178,0.4329742752602161,0.8006124605528062,0.6068566576549601,0.04879141581659354,-0.3893010621535715,-0.21367624941441962,-0.3542873570381751,1
2.182239026426793,1.1531700317657188,0.8320507643128903,0.7947469273383904,0.8907246244885108,0.7246726536727186,0.37053747296410994,1.0265025516215562,1.6776603981830405,1.5091496826612631,1.632303920792859,1.7376513641980944,1.5619770810322344,1.5615970608454857,1.426058206836881,1.4637826107417213,1.8829516821275059,2.0162252617962326,1.7906411612300572,1.3213702997050332,1.794561575090793,1.4360853489371228,0.7845880492104711,0.39847720135060805,0.5419166367020399,1
0.08180901039200339,-0.8157133381029082,-0.7245946074732166,-0.7768994211928308,-0.8320749683101625,-0.7170799537410251,-0.99197069498672,-0.6600537024165101,-0.243642581966991,-0.1287346617034963,0.2577882831107229,0.4617406355575914,0.3203918174202919,0.16945493513094834,0.01102496543598136,-0.4454566468585086,-0.14277497309709336,0.17352873794419724,-0.3975790452035896,-0.408054440036627,-0.646698433705188,-1.2029038191574493,-1.2095077838855997,-0.9416679380068713,-0.6781138092307688,1
-0.28821426130018835,-0.9963701169892234,-1.4847151940725878,-1.2372126497872988,-1.105054649245251,-1.5338719910262821,-1.5091954058088741,-1.8102387529439241,-1.4718530469195827,-1.4505565738010135,-1.0958094884831067,-0.8156572260319196,-1.091398526188839,-1.3195485382471235,-0.9332635415180515,-0.8200255223382242,-1.2126959778775492,-0.8848019452203579,-0.7389083012411015,-1.1099989388229101,-1.0747299204118665,-1.1772730011157253,-1.0324156488306053,-0.6727702536954288,0.0522469774746529,1
0.941585585275073,0.18985669913546527,0.13219611462934572,0.352462219799326,0.3405466542932042,0.3004770012913618,0.8990523838390139,1.5593623606179619,1.6200205685844489,1.4130560230551263,1.443445500152681,1.218445449072922,1.300522725824288,1.103919393141196,1.4938996891185121,1.5748198753504885,1.3469000685630181,1.3984409413802696,1.2701973390203964,1.2806520667050683,0.6918105391640992,0.6782893652339669,0.5284799559850772,0.3148126854679804,0.12298720267584035,1
2.17025596378333,1.455747594640357,1.5674829188839199,1.0986646773515665,0.6985793414318835,0.3324125171007859,0.3399293517924955,0.390005178293759,0.6228630931867707,0.3944572900077129,-0.024870639235356498,0.1088143271127606,0.45774340663155383,0.7487893175747258,0.7938704677812737,0.6954668295909525,0.6798611991066021,0.8376798192347809,0.9739457960545912,0.8528346081576581,0.9624589469889819,1.0774923092901232,0.9020822715790923,0.510185552323373,0.866276492225282,1
-1.852363114635775,-2.3685684580748236,-2.1884381948016194,-2.3748787021270923,-2.297652758345808,-1.7765822673022205,-1.4418875881131823,-1.2725973505336234,-0.9427694394286185,-0.6467734523694872,-0.4610240529392594,-0.12814148928577465,-0.3125570146778741,0.2930764309119399,-0.17755948740908284,0.0690497355888488,-0.048863749013144,0.07370328003718063,0.4532138001171444,0.4588790902173239,0.5137819710704714,0.030207269573249377,-0.1477253355797937,-0.4723807244169441,-1.0835643064926626,0
-0.7729056839753866,-0.7429773308796588,-0.8829199792565359,-1.2603935818037089,-1.007796474137252,-1.4014862854005714,-0.8505301331551554,-0.370481609663387,-0.2661683810830728,-0.742672141313884,-0.48609237183509263,-0.5323772327570454,-0.5681341123305947,-0.45176019559022196,-0.10034545805186389,0.5517308779276919,0.26557989033235946,0.1245817175402694,0.550675286863637,0.15013186339953594,-0.150661658536335,0.4784874650848983,0.706045346975972,0.8946847076441689,0.819252818556907,0
0.540318787306463,0.26445472927043945,0.06567330689742529,-0.4262377002540578,0.24666878865316488,0.5513791487348036,0.039950858377201706,-0.5391446504414008,-0.3679398731920313,-0.39084126543498154,-0.7322448212082648,-0.39631002883819444,-0.2692614626478932,-0.3631495303142037,0.22328889879511454,0.31513791838907407,0.08387308491434128,-0.16941477603344615,-0.21800161555418013,-0.08330872928980505,0.21591054623879272,-0.2519629284060593,-0.3690411398194693,-0.10695879394777402,0.10096510007875928,1
1.0951703578142657,0.27891971634817003,0.08333214227766234,0.619909634073134,0.37456258374759266,0.3201857791793209,0.6869201361319444,0.2420972617360564,0.5159246549872007,0.1583408469751279,0.9217355958646812,0.651741507259724,0.38709783853222013,0.5545104442692883,0.7594856077068075,0.44309930332326025,0.03665311302576517,0.2654847833448958,-0.2541845081218391,-0.12390839714260389,-0.16673610490912694,0.31256110647833885,0.289111989026527,0.73722632191527,0.9350130925734988,1
1.2362290241403975,0.885594424052968,0.5006396523498375,0.129818275622597,0.040907969011481665,0.0709851864025692,-0.27332251975961064,-0.1284975259485921,-0.234234232846045,-0.5321437557686209,-0.529695817554815,-0.05899701480935053,-0.2335587527165202,-0.7006699744714707,-0.42165425421163827,-0.4190436705322298,-0.9487971895151166,-1.0917981636151441,-1.292704234395182,-1.020411234353333,-1.3997954186235568,-1.7780576921316837,-1.5412829591505424,-1.739980177951763,-1.7994691020818503,1
2.202683112505759,1.8105549483479935,1.298649475245672,0.8828799949479906,0.634869987241532,0.8976159106227792,1.0775589452711059,1.3436730342599172,1.6525006114249414,0.9994612428415119,1.0125981701010027,1.0610880079885707,1.3682353633537394,0.5682034872660775,0.5310536559059948,0.5468769388136623,0.7061570487109788,1.0530309698793643,1.0888968457657313,1.5046713527314812,1.7296817395440702,1.3518160919653308,1.622826553116676,1.7119124915888215,1.4667070951431727,1
0.3702821945509187,-0.42512577948028063,-0.5193511458833517,-0.4678136388627,-0.21386806722166662,-0.44550779815454045,-0.437648307148976,-0.4302901358010547,-0.5248108218911283,-0.3302524530659243,-0.3363319203216524,-0.806820235591708,-0.4791570002789593,-0.4652419241264484,-0.775240801869329,-0.8776663385143587,-0.1630958479588604,-0.46279081299432545,-0.9416109454440043,-1.2604618343289453,-1.3338386595484608,-1.5523583842863253,-1.4404128366187408,-1.4177116219526584,-1.4207044301850218,1
0.917297634761121,1.2670027655446678,1.4228873806815039,1.4086086594918386,1.8524404490640847,2.2732973350583086,2.2847630705536237,2.2721963932322025,1.8549168218297134,1.8685042605699873,1.8351499283016706,1.7928065809146005,1.8943525280143745,1.7877886072045477,1.726484180453226,1.00147796624693,1.0744517498245953,0.9440994979204359,1.0005162086370933,1.1505778554761077,0.6611163812178058,0.8974476935103199,0.7593110505931253,0.47071956154284267,0.40601161181680867,0
2.488679448934673,2.1096701750299003,1.90189039603323,1.5985248801395833,1.6041816305002186,1.4252745104031337,1.6413812903387237,1.1869711747964897,1.328741376831931,1.0288560437960261,1.0496855957931166,1.3659130255817271,1.9203817158911687,1.7668339046326988,1.5955273073305356,1.5530266722799002,1.4508811707036382,1.4966385737358747,1.8096909342320102,1.3704942169628476,0.8928958725517187,1.198143951700414,1.0696777375743833,1.0434273431430439,0.9060816021417257,1
1.1551271909242349,0.8804138092708407,0.5543270795341527,0.47971379999939046,0.717695848582315,0.8506180911699694,1.1565071790428811,0.9397410399079172,0.7723149107073377,0.33752669467464114,0.44078054231778985,0.3014319660862913,0.2027801134142954,0.45667902118899983,0.12500707150455231,0.5802289523547763,-0.005210849350190047,0.14790764500192685,-0.21175394443745743,-0.9225844043053598,-0.8255320705815674,-1.097360405675457,-0.860132680738953,-0.4212664045209574,-0.3184384436194942,1
0.8763765685071999,0.48869916888179027,0.08146600555549491,0.010946071968146356,0.20012236105640488,-0.10284429415796136,0.25691217199957017,0.12708840481024145,0.135125502805984,-0.3118962632062197,-0.5440059530090726,-0.7878533166371724,-0.5756668276746781,-0.4695399340321863,-0.667135582287267,-0.30874539179306604,-0.40369047459927404,0.18829854722264616,0.32793030240897364,0.02797106181004776,-0.6315521826089826,-0.7254510325394773,-0.6159320284803186,-0.43027410289006135,-0.7898751275834075,0
0.5710040597386755,0.24993335086105428,-0.21599012302217108,-0.3154305769914646,-0.6333421565169552,-0.7029483756794453,-0.6834824140778613,-0.5139067498253574,-0.983774993572583,-1.0771940219573983,-1.587779242400956,-1.6794024355942687,-1.516174415573805,-1.5080975874560005,-1.4886205177257323,-1.0079533063836048,-0.9593385357905129,-1.0644366596677373,-1.3841383727048813,-1.3577032470474044,-1.3802032316884991,-1.2592885995231866,-0.7677688705360469,-0.9369611159764452,-0.9796580965671942,1
1.6827188375844955,0.8167770403235873,0.8317070920946693,1.1231651703693584,1.3427308877241333,1.0026217587264892,0.8524652175577292,0.7091852099700617,0.8222819937926036,0.732654761924559,0.18758752952638372,0.3982091577170515,0.3823747562983024,0.5772358227194767,0.4726504168054604,0.3651772301667319,0.3174561440202544,0.798175800031986,1.0119242754933175,0.7513055861734944,0.5455726956032176,0.5574685164361932,0.34182233022106556,0.449751247439769,0.476852686105839,1
-0.17237178319086888,-0.6139608048777876,-0.4014107351885163,-0.319842905946751,-0.7939426112027834,-0.8628373993290454,-0.8869616708875976,-0.9148136799998672,-0.5289614059914385,-0.9840710396758435,-1.0741101972893743,-0.7205328584494616,-0.6399538241072293,-1.0055767489945322,-0.7108678042576664,-0.803053111411458,-0.6671035114896904,-0.46209263806474765,-0.283931032948253,-0.007917845751578556,0.13097441485172004,-0.10065919317845125,-0.45245978477030946,-0.0775113583796089,0.018611469941508856,1
-0.30172787111118854,-0.9706309557205385,-0.6797925439425682,-0.7947194575754187,-0.5836075318327989,-0.7499680055435171,-0.6887688589201941,-0.3175025368723507,-0.4665892958422715,-0.6115184243228325,-0.5357273761865093,-0.7864551057860246,-0.6575556669024822,-0.5028344147373953,-0.06110389215848499,0.09656950311481965,0.11680208406870232,0.1534826037550125,-0.3588444862315067,-0.27785241608136785,-0.2072289478710538,-0.011795040708753753,0.05392232514515762,0.05912790611511624,-0.07571297133444188,0
0.4905101623855892,-0.6385773491313922,-0.7128037639835152,-0.7794812956167749,-0.5966023533801106,-0.5089489170448132,-0.6492510993878888,-0.6504073676772234,-1.3757809156659293,-1.626258004083641,-1.5949551888325888,-1.859032458303478,-1.4673413257625816,-1.8271605880555792,-1.9432831532409132,-1.9336225811930678,-1.9630417716334077,-2.383401194536035,-2.384890045960395,-2.1164003482369367,-1.5739359682521843,-1.263609945786212,-1.5506271193248946,-1.4672650136304581,-1.4606595859466367,1
0.17019330187399329,-0.5640625398795003,-0.5608902754454712,-0.8748770757715307,-0.9973807821768623,-0.9894258030201414,-0.6090313285220694,-0.651986847382782,-0.14650980826742155,0.3323639841241435,0.24774938097759303,0.09790999264686821,0.1592301258989978,0.3355244136586254,0.40980718761714147,0.9563477353328381,1.0101719585400275,1.3213306321624272,1.1897739184223046,1.5807250475193855,1.7296186155348001,1.7231605906610552,1.4206291064457885,1.501995019841926,0.8049329626036198,1
-0.3514498201185001,-1.2193439970397562,-1.1732756186339275,-1.3365708460861183,-1.4285431145407526,-1.4126919777761646,-1.7708443598990329,-2.1779457968748703,-1.7050294782998996,-1.0984592685475776,-0.9903023236535459,-1.0451974651740172,-0.8707407358021548,-0.7114611411085201,-0.6496015502880474,-0.4194498018815235,0.2268478965497025,0.10765160962611506,-0.29307078821634386,0.044607293491409225,-0.5574145991166228,-0.11755078539177234,-0.3706609442399249,-0.08775345721725525,-0.3291482981648918,1
1.7599383064429992,1.2461911541988266,0.9561750163889122,0.6882068248948243,0.7515579392454106,1.278484383969058,1.0768043228663262,1.4501107148256285,1.2868407770994619,1.2847010707313034,1.1335984716161336,0.830979795415244,0.6095211715734947,0.36780752096157243,-0.4455354694361411,-0.32635858422091146,-0.4118861343398814,-0.277389260137907,-0.7352828394107687,-0.6993650903844302,-0.8085718888875519,-0.7425209688502954,-0.8852163284435318,-0.49019136999464547,-0.296391731778172,1
3.428201654683137,2.4000882627216065,2.1415214845746955,1.9581226778015572,1.8456305959881456,2.1674770231794493,1.8792022733816225,1.327879082653543,1.7033515665486385,1.3316444164894279,1.1735160843793668,1.1107415225784216,1.6068488727762902,1.4201294872930084,1.251527307871556,1.47665418953678,1.5542152412678907,1.5380642484525378,0.872174529552773,1.1408991975012328,1.067450648722573,1.155853297826116,1.033538736155025,1.161708044530186,1.382052559201584,1
0.034895150049263135,-0.7838649326804106,-0.6442423447672547,-1.0245045124870422,-0.49284279106374157,-0.5392246161727973,-0.4251111046278802,-1.3368505048773276,-1.3468441011231573,-1.4570052493317627,-1.3254117793152336,-1.4882131688835942,-1.2718641376868158,-1.462657849960147,-1.5545440641734174,-1.213394208132617,-1.4549647229215554,-1.3323311590534286,-0.996761812523858,-1.077177412141349,-1.0699368196722785,-1.3208603516556443,-1.5947911419901029,-1.4616635915035607,-1.0463914360372077,1
-0.5391579444407659,-0.5589761666982666,-0.695986919905043,-0.653966165756945,-0.2890122566988366,-0.2969625788002527,-0.07868071304900925,0.1169607632265243,0.10208950661763924,0.23141637254477368,0.7412199235969938,0.8818980894121725,1.208082349862168,1.2883903333218967,0.8792942698812029,0.9608373667105203,0.4544317314632284,0.8344225704298024,0.2456798430264281,-0.705912667341278,-0.9107949225606945,-0.9562649957251935,-0.9742659381689287,-0.9290163369144127,-0.9974333122674374,0
0.7475212970589156,0.7703769265150633,0.3886942156851348,0.6540495263775936,0.342190314963688,0.00987475045098668,-0.2977688903842136,-0.6346870928070536,-0.6272112865317925,-0.6533396647645421,-0.5972807188009421,-0.48532862092530354,-0.23149161235972376,0.1574076425572491,-0.45868689832004605,-0.4465655098435577,-0.5838842100977092,-0.9004451647211622,-0.8322123100627126,-0.7048407879010026,-0.6297582716358332,-0.908865080233128,-0.608560096869642,-0.4702315846928237,-0.24768724794863503,1
2.2084550384189683,1.429102339764315,0.477872251090557,0.6021329040472088,0.5972774428044411,0.032476291000109875,0.0034025257096241823,-0.2618188132452862,-0.19391147455718577,-0.17135665893956123,-0.09390325312138315,-0.3542913837893617,-1.0644438583544564,-0.8548913784724047,-0.8175299217437961,-0.6700608495495717,-1.4034040869734026,-1.8951872727015253,-1.8096030839152302,-1.7296986559662983,-1.7701067696107802,-1.8971114704962473,-2.4831205385222512,-2.2694290538235498,-1.5444436260932193,1
-0.3562432105690392,-0.5655920691963248,-0.5813251822845014,-1.1901991073003269,-1.6168101981699365,-1.8782820030681993,-2.020826108908056,-1.3903911688351434,-1.5401812051682482,-1.3911166982860834,-0.960551335956973,-0.7954001123232286,-0.7603408306504935,-0.6677020893386794,-1.0279697367518124,-0.7273292372913598,-1.050357689106236,-1.9703830963623952,-1.8160205820323156,-1.309142119456073,-1.0237613882384182,-1.210950602258958,-0.8530199683239574,-0.5033885806852402,-0.11728861908866414,1
1.1878926983455453,-0.006300193647667762,0.708481080054782,0.655447440347469,0.13867406759304074,0.5441076244719437,0.4994825174239116,0.7118332413179568,0.3651904091173378,0.0695576227905011,-0.5763060074960378,-0.2474802632566055,0.8530284788063855,0.8781572543665823,0.8443629255910358,1.3722677040775249,1.2465322348225087,1.1533708947802666,1.2057341302008098,1.2097948873586821,1.2214523700327167,1.2321938376742332,0.8320353508327814,0.6330406789380156,0.7291194697433581,1
0.933114897414689,0.8567557359021364,0.46909248807900866,0.25594790748899854,0.6964145516244618,0.40586819824534337,0.7980096875610663,0.8774932821504298,0.6712976699186222,0.6507841519582752,0.28618515647803155,0.2468869210207526,0.784411535466607,0.5320098397240746,0.5870086212946968,1.3173258348648316,0.9327243229082494,1.0617348642136182,0.4939908377716402,0.12530691768841962,-0.40680257639606027,-0.45467768782836143,-0.32249027310302625,-0.6421326673322847,-0.247787368848402,1
0.5259899948678188,0.5083095118873788,0.4954477928985755,0.459413656931105,0.520260899727548,0.6190923577262543,0.9979352004540277,1.0235833671235697,0.47173237605085633,0.5522900027069959,0.2918982696843248,-0.29666878681472425,-0.29553262924269547,-0.4208397455393568,-0.8727286293234078,-1.2465140086283204,-1.7045160310073528,-1.2087599023808318,-0.809370944490732,-0.9911395322186483,-1.0577968901858223,-0.9170644419817492,-0.947619022707305,-0.8957772874683362,-0.7377454387774001,0
2.395546750402043,2.357247179482614,1.7576805783852432,2.042167301981679,2.3943930977125576,2.348098766463869,2.3980278371057184,2.288374239974195,2.2239993883521407,1.9872509098997377,1.978272698779979,1.9883398371153715,1.8670587920444035,1.6895629565585486,1.4347890709201572,1.7302697151423885,1.4874445197927322,1.6550976890740379,1.886605450723173,1.241377973840222,0.7325382552897584,0.7835226481392173,0.7364120859621779,0.6720728114759424,0.632903276156882,1
-1.476028367437952,-1.4127933420372656,-1.700218502338916,-1.464784179655201,-1.2158324432541592,-0.7901111431452517,-0.6181977276172865,-0.4713066458833372,-0.0928019459896734,0.2851647579930996,0.688234552693858,0.6802517070496773,0.2872851493957455,0.5161857525287261,0.1348501185611284,-0.39414803616606786,-0.4914031254802435,-0.5345287768570497,-0.301121496255522,0.07260186926252407,0.6311819038554902,0.7123489730344451,0.8489938559212731,0.9401796194800383,0.9070703403224375,0
-0.536212051488586,-0.8941750181323336,-0.9982843235960044,-0.965277463913139,-0.6854305149879745,-0.177195768882189,-0.15577107464797102,-0.6011355874811248,-0.2767437536734226,-0.2388334560055139,0.32152595843585435,0.15492700015304534,0.48602168306059,0.6457448180255119,0.9456718701177478,0.8607837652301615,0.4727813207712324,0.45649104132678153,0.3696455765935932,0.2766434942107804,0.30257006376574264,-0.00698640537360215,-0.06896562846834575,-0.6188778900215127,-0.7289721231648726,1
1.618821494926157,1.1391188891228505,1.2913456487546702,0.9604669310821475,0.4730563835697321,0.8047365051186909,0.7869963679125427,0.8405571113346781,0.8448717535358352,0.9953597183477457,0.0068554073510485175,0.053515013869580484,0.4905736000057187,0.45842835643971847,0.5274198958807831,0.33938075003025164,0.11232721908349791,-0.3073457300339004,-0.7064740824997369,-0.5712683289055256,-0.5688977404523896,-0.6220592054718463,-0.6395009845865236,-0.897948973495461,-1.260487594654257,1
2.164278441456138,1.6679533548906982,0.8502296257923554,0.3148478426056699,0.505814782898873,0.7983721958852986,0.9232992634346644,0.486560791690986,0.7192080357612378,0.6446703498340437,0.705989300542873,-0.05902336641281815,-0.15804004499899102,0.0837120698896703,0.20206678939747702,0.08751201133550274,0.11885602283961352,0.34200725802337906,0.5641298375590253,0.6010587351492913,0.4532307556060328,0.07419893360887198,-0.028003473901553264,0.06356272222735776,-0.0783893760076847,1
0.48860378197326715,0.2032982323487606,0.016635839094363558,0.2765138437594608,0.37792499095077137,0.12129243141848059,0.24216571446084995,0.37051711312741564,0.3879482808586346,0.2625254881127785,-0.09298200935666634,-0.1604842097390063,-0.3780111006634051,-0.1335859417101871,0.3092546750754006,0.20807128276408227,-0.21059653456468336,-0.7216757389789392,-0.7571803709925731,-0.9497373200227583,-1.3793603949378224,-1.1571515394652245,-1.1466663855656134,-1.4534685763242756,-1.936587969414248,1
-1.7814657081363092,-1.590513987746718,-2.1321183705218067,-1.9988197962935297,-1.215476207605018,-1.1521389793852304,-1.465525586470268,-1.20700190853842,-0.8822356209827019,-1.2875930797765933,-1.8746479247509846,-1.3926214742738179,-1.1745049282608295,-1.5722617378695456,-1.2838058296149961,-1.1304862530260484,-0.621537168896645,-0.7441606564274054,-0.49189897810133376,-0.7527552932354996,-0.35516579250657093,-0.21491580597346305,-0.3789888126503027,-0.11225249498760967,-0.25650359398688827,0
2.2740854146183187,1.559470657417367,1.875490118015146,1.2652295656300607,1.1358434676012523,1.0808675149940619,0.9862994571264809,0.7066680573147628,0.7444357299585265,0.687372221793592,0.560066901769833,0.5007528934115356,0.1767506839815779,0.49209240933270426,0.674878148607609,1.3445696039077166,1.3830417080011277,1.2711176182742348,1.0392273477452296,0.5131257957238518,0.7372522556571983,0.6372069479141543,1.21084626292828,0.7601640734931003,0.7101219412203738,1
-1.769626565129014,-1.3349982918751786,-1.5486819100624691,-1.8579069648108848,-1.4681251304621494,-1.514750271041509,-1.2305879302255094,-1.0800427268809647,-1.2195349022410937,-1.1270739751621697,-0.5126019773588569,-0.6196973765343118,-0.02948654151383552,-0.2532224412978505,-0.23243039408413538,-0.027276527873083323,0.3226491505650266,0.3272529900510214,-0.06954165391276805,0.12595943848431515,-0.2942091138687905,-0.4551457849286655,-0.7545836558121304,-0.5005182812287342,-0.6546835962296549,0
2.227503445807672,1.2469921789038503,1.1429465432273858,0.8159865007088218,0.9567550533092046,0.7535804409415577,0.6290917467838482,0.824919919044073,0.6706081284291048,0.49756068012293286,0.5606328694337277,0.6967700301584433,0.6606491664206895,0.9689149024190794,1.278915520937376,1.060317695999474,1.4509959316258556,1.379618545978249,1.0702184869292657,1.0367185480050924,1.4228643703080213,0.6718431043166166,0.9693377414296214,0.6702743912247078,0.7769684908275651,1
1.1487908010397998,0.8230201621315592,0.7534852260923389,0.3091483377687877,-0.1590305056949911,-0.16940464847292588,-0.406293166803479,-0.3711051664328054,-0.06714226226217701,0.006855323738878219,-3.592572995611554e-05,-0.23875855439846866,-0.6954484563962029,-0.6661639798494687,-0.8776172557357703,-1.2148418631438704,-1.0192695821711453,-1.0156338361620068,-1.386882540849806,-1.1973473643317945,-1.2030095977899877,-1.4291187758928332,-1.7005362268505901,-1.3689817622976204,-2.00405891188145,1
0.6125684590681341,-0.33833109957488905,-0.8222484685918239,-0.34233188905141976,-0.1612782351129156,-0.08753322479216405,0.07855766415868168,-0.062127708678134996,-0.23289544049231958,-0.1523829153372814,-0.08094906966898974,-0.06881560447198982,-0.7666496938499059,-0.5575277464996139,-0.0844761663291732,-0.3753014170074904,-0.3446721986009931,-0.01219940477724242,0.5541056592291649,0.2799864002991062,0.44061046931502124,0.6721493181273885,0.4582967364312156,0.35524076027122015,0.7592373605989207,1
0.6181758229541481,-0.4364055964177094,-0.9417656896453988,-0.8338768614415408,-1.1373037398967671,-1.0971176136365282,-0.5730158704604902,-0.9312585233158668,-0.937518000163128,-1.057343452059641,-0.9523808461109132,-1.142860847285752,-1.217982212715017,-1.007720123784596,-1.1669038023219744,-0.9299238598214732,-0.5899900486778743,-0.995946362362113,-1.2164082482297864,-1.510558242361013,-0.7963298212875596,-0.5684932063670984,-0.9060101341675542,-0.6393932426342084,-1.174015503679098,1
1.073608330165374,0.19878228127406444,0.0036779889755594875,-0.1549149656681248,-0.3006439912428221,-0.1119275827554915,0.09898367757016675,0.07565624707058219,0.8214231527812617,0.9518359412074747,0.11322908888259375,0.2803112270250592,-0.04013079720380262,-0.16189381750994786,-0.3000874459674919,-0.18864734355664292,0.2836639211579676,-0.21416714610760798,-0.5838122440094589,-0.4880634107356859,-0.3552807595967861,-0.3081447296402712,-0.3674127199799285,-0.12453403735514387,-0.35723686663312154,1
-0.2819024019073719,-0.6853331656479196,-0.9297574617142543,-0.7105996189746189,-0.7549512350212071,-0.722201869314077,-0.6780838344727924,-0.5808888314865557,-0.6757183577696757,-0.7648863958345455,-0.8794538443879185,-1.107411737960081,-0.8734604335473626,-0.8558187894616157,-0.2944304004383567,-0.018189039259030454,0.38751627224050456,0.6520275407024285,0.25880679162694686,0.372448614047367,0.2004729893229284,0.5801593160078854,0.7062098706735934,0.8220581162441556,0.413478050412308,1
0.8719083025531418,0.6261607581853854,0.5384416460133535,-0.09301167641465574,-0.10924544638811201,-0.6230092931562676,-0.339410228632401,0.1589993018052776,-0.032884542885881274,-0.04194544152929694,0.43640522032456386,0.30909653158020023,0.46265316116375194,0.21239416673771636,0.7380173399844152,0.5306693924365515,0.18177245631998046,0.4008453203804153,0.8628652954070468,0.7303663513755108,0.6044322544518901,0.686370101323497,0.7475791509720712,0.4459978781275847,0.016840603018011657,1
0.11228751173404838,-0.2574029884252139,0.04470398651531665,0.2977930908305434,-0.4300828613384065,-0.1403941697123743,-0.21059201095500163,0.17931390102925263,0.15925794195113413,0.33176264818272094,0.6816446686763097,0.47372345598986587,0.39590169137681014,0.1389491995010325,0.21352648507439576,0.25783712289947835,0.42029292728704387,0.32641019484280276,0.4154368711119221,0.7204694538708172,0.5766027692222626,0.2800686721287259,0.43156332108261475,0.4515986082969719,0.31299418963063835,1
-0.33920119961144235,-1.0852972934556198,-0.6090306989065033,-0.44305600845492576,-0.8319017035640517,-0.5082673320532058,-0.515351308553661,-0.6904045277689543,-0.6407402513952611,-0.051880590194242376,0.2949978623668952,0.025482817431519797,-0.4578303014631721,-0.35120556846712525,-0.41348330932124977,-0.12680863850634558,0.15921642430306626,0.25759393884584203,0.1274013768609178,0.02473511637196995,-0.990775874842174,-1.337100989354145,-1.0563726126491841,-0.9459967910892244,-1.3274768896002465,1
1.2443909751157136,0.5816507020392117,0.6599102159079238,0.19679405070801992,0.15666820439065487,0.10664869645806718,-0.14282853936554796,-0.013847530899674304,0.4651052134626181,0.34899428716383524,0.8726006279695444,1.4032841520844028,1.5039637225400857,0.9734421592949917,0.803090954138483,0.6553126454675295,0.7093291660868776,1.0997079940413743,0.31810671355897707,-0.11569139172078084,-0.40890695809898864,-0.38055811738914047,-0.16148215801347926,-0.2746894042966135,0.6198009596928419,1
0.809726871078393,0.5306261718096916,0.6440790361009914,0.6892984495549954,0.7842818431362095,1.2747163740359237,1.1523249509924671,0.9987742775655029,0.7187588938457047,1.4051358551298065,1.0183390119882567,0.7408875139497435,1.5253869711209171,1.198783266537679,0.9657837622130714,1.3951761131948968,1.0920009596671596,1.1414009126495512,0.9781483042726759,0.9544906104003886,0.5919415288850878,1.2346912831189054,1.099214754545498,0.9344724270013094,0.3594666307476328,0
0.5123423204698181,0.3013410918450998,0.5366618927090042,0.5740186688911126,0.6203703252159378,0.5113769468283667,0.7333947928661328,-0.03753793621315237,-0.10153322296605023,-0.22230007542332517,0.4542623989663237,0.8216698840978398,0.9281572938319709,1.2904265104933186,1.293267046692215,1.352396225708153,1.2064623023030603,0.9825592043111016,0.48058629587322166,0.5898836506346412,0.5902514732378014,0.8081168231124467,0.6368438344059886,0.6375251901408895,0.6036336005109803,0
-0.5690969509987207,-0.3655206397840003,-0.27530543371829536,-0.5508100543528995,-0.3074534693824132,-0.6033188300765584,-0.4648542164892859,-0.7947364262903513,-1.0727289312785655,-1.0526557740858522,-1.2213295359631164,-1.059111056130235,-0.5707799836168317,-0.17777647897380647,-0.3654607087432141,-0.27455449048430014,-0.3320394825337169,-0.09764368635483614,-0.21917994095693533,0.061243037485826955,-0.27189478056254507,0.009877822432785316,-0.2719489004106488,-0.276199543372442,-0.2450700273160026,1
0.28930009224609066,-0.30100519760096334,-0.3879221169308436,-0.02355847924398663,-0.8975793836982713,-0.26296726923865743,0.18102613288445682,-0.055371788669488164,-0.04272928416356561,-0.37435946678441445,-0.07908673005433287,0.1761802434434293,0.34438780590042084,0.14409321924748142,0.300258821065408,0.28936824179200876,0.1758065256858024,0.08417904458428592,-0.24419120756385104,-0.0894451420647754,-0.14742860032910243,0.28765058528508614,-0.01381156640515177,-0.6321804755607728,-0.36211155689073177,1
-0.1816984352869464,-0.2704333713764615,-0.41544997700644454,-0.5254720652546295,-0.47723200812943883,-0.5562124195303906,-0.7198659767898168,-0.914081411290373,-1.1126994462205806,-1.1025491096479352,-0.9189377946345451,-0.9749290959103173,-1.2246467956646279,-1.152687264747035,-0.9887349029887076,-1.302304971383583,-1.306825398274535,-0.947856823925566,-0.5781315659730373,-0.7553546497764348,-1.1111369241924067,-1.1035695129622358,-0.9626662430351016,-0.6076174233422885,-0.7282864230068347,1
2.3822918408436804,1.6402795113082371,1.0423802221160128,0.6381768404369723,0.4615293235394339,0.3623350152674747,0.39770017835674754,0.5223031867729995,0.5921172071179226,0.1615970608716889,0.1177838813026511,-0.10205806759196044,-0.41315864033145544,-0.7254256819110835,-0.7950567803665236,-0.7539129286919027,-0.593295804224801,-0.3833864391249303,-0.8426737563645978,-0.5747719493948791,-1.0918701086787561,-1.2365283080050544,-1.707293201682057,-1.5980497298591485,-1.5838199368796952,1
1.1105035733385307,1.4572181855423385,1.537145382349176,1.1506461887235437,1.1244394443168184,0.7179649275278124,1.0541036375601396,0.9544594331044609,1.0438642203488822,0.7397613909990217,0.8268157664862777,0.6959668060077214,0.7880826210363691,0.6795950099344334,0.5938370405282082,0.9678444024713115,1.0436056339093251,0.37795085878354756,0.8338741890853585,0.9932116902376925,0.9974979366216821,0.7224462985786119,0.4730741368916493,0.26555327409547447,0.025708591831522284,0
0.002149653414129888,0.38052019857501296,0.7486698025037739,0.8722543128707786,0.3617527017899959,0.8911845819071365,0.5607162014924941,0.6276763072600168,0.6419456413011353,0.33955255152563407,0.0695069552736689,0.5245887279450491,0.18680836288170266,0.3859259450312433,0.22592918882918325,0.15796616075414,0.0751730911657476,-0.0521728103217315,-0.11212090834509494,-0.06576901615697031,-0.07136415337497364,-0.4055236563842771,-0.5546260032417203,-0.42866810127907506,-0.146455053279408,0
-0.3152810970789335,0.062136341243403226,-0.33338693110198,-0.7569633660835691,-0.11436458803284744,-0.2696141854159644,-0.347009143087565,-0.35883267675340913,-0.33253809976119025,-0.40313820505421294,-0.018364904219089415,0.14455495363227866,0.2581119849590191,-0.04130631719176758,-0.45430485062987547,-0.40703734529471686,-0.7616468191017225,-0.7736190008327656,-0.811704089936234,-0.9854674813946862,-1.0200824400717563,-1.1263470656877608,-0.770355053498574,-0.823900816135863,-0.9131816569008602,1
0.16921952132659202,0.08515018891830467,-0.13274827723420043,-0.41255957159004353,-0.17098068911873182,0.281203022346136,0.17740367489676934,-0.2590330558187098,0.07122876335537143,0.4794583215224744,0.7980916492012218,0.821339858565168,0.8369303138934447,0.2766912676566769,0.3328890090313633,0.2683347950551825,-0.23443256598141554,0.28968558786328324,-0.023500810885058388,0.2708676229401182,0.011123361009368291,-0.02642866241808256,-0.38450849106059654,0.11501163662777623,-0.08983753778347059,0
1.4254999233251828,0.5194119004945456,0.392615019926286,0.006124470650560321,0.2439462803907978,-0.6005420593648135,-1.070088430486302,-1.109971247724701,-0.7528001725789857,-0.7853789663072751,-1.0865298179824574,-0.7326721615399235,-1.3246680690802581,-1.4385803578969634,-1.478609796612598,-2.267567815947065,-1.9983111240594218,-1.3899039482562752,-1.5403617399657439,-1.8574783878631635,-2.1522268725562625,-1.8977335762203054,-1.6093027368707036,-1.725838476339132,-1.3998210862130887,1
1.6512441769814326,0.8110595646629173,0.5626706558534201,1.0680325573429883,0.8868748052985505,1.2313549004309916,0.39374354758671476,0.7634080791068423,0.32206179315384065,0.5963334820367651,0.4022880859444643,0.41394171261466833,0.3715324792293298,0.16009340188812116,0.02740455221575877,-0.043250152064388384,-0.03609872683781716,0.05808569937457379,-0.010228445936088626,0.18862029904774297,-0.028800880754667746,0.4317510505122518,0.22397630245434255,-0.059202610062279455,-0.27861311469685435,1
1.124157835846514,0.6670835003742072,0.8298301668104712,0.8111083797838444,0.6178393904467736,0.5779762465604535,0.007716638016761784,0.0008453353699244964,0.6373484368921329,0.9728222711364164,1.2590004440946023,1.8282132992409512,1.0627867829214406,1.4118328749462734,1.1050278087110785,1.3136965949644996,1.5419338868942083,0.9478068102975263,1.4821589220986588,1.295328450968123,0.685040286849445,0.7361415737910726,1.2245869710531165,1.1627593501781273,0.6053425554459329,1
-0.06277180411377148,-0.7822829016815447,-1.2235091415040318,-1.1271274140315155,-1.306070438802897,-1.2776922000188535,-1.2648445225310616,-1.2184920313249312,-1.8141872647175608,-1.8913708963352014,-1.8520323046189884,-1.549534062130894,-1.2896554103046527,-1.7974738989624677,-2.0488638337156266,-1.4551301060105992,-1.52694921767139,-0.9704181878856382,-0.48759847312509313,-0.678241415405694,-0.888704813296995,-0.6073214598019281,-0.9583267542770149,-0.9102218284968232,-1.1653672201880003,1
1.0040967879986555,0.17073428650857347,0.06465163544537417,-0.05514413324271533,0.136619295666825,-0.09071808208650814,-0.011809979333811449,0.13284415727599383,-0.002786445192134876,-0.13350403423912974,-0.013568452100275574,-0.10442826719049474,-0.4299190239054966,-0.5338079992205936,-0.0782187530195969,0.3467645505496099,0.12182751534069924,0.3367333067999253,0.42047368647713795,0.14188599197379095,-0.4177675923035621,-0.2701841780556136,-0.10722926646154035,0.2526159459048674,-0.047788747123520915,1
0.9953856939569798,0.5840130126526442,0.4733707656716587,0.27992007848011147,0.2469309740414572,-0.14909766044344638,-0.08934046079547894,-0.1961242291418312,-0.016456770539650556,-0.08986832741241937,-0.154503728106045,-0.6568314276051613,-0.5751174284923812,-0.4523598938703257,-0.73189691060238,-0.3741614934220512,-0.25088417792217577,0.0336844190987453,-0.004248316742251859,0.5019631816472697,0.9460519755736507,0.7070372834516196,0.5579197569271465,0.05664245933244519,-0.3053581920320555,1
1.725145143970387,0.7726175271940956,0.6652175537962047,0.8470884038605963,0.7467237723769165,0.7785158447221278,0.6994696390832176,0.6512104847920043,0.5441986261949134,0.9110162432463376,0.897389621530699,0.5992889942814961,0.08452020779148256,0.04343611040748726,0.5129254247665082,0.14986667598534736,0.020238207712365633,0.43081169021123455,0.6389888053904889,0.9865661390126643,1.2230785930631825,1.2635433305345478,0.7006682416420478,0.36271667699616766,0.3394433124944546,1
3.1252983626900335,3.1126464674094105,3.014584189072837,2.9973898789540363,2.4404139359369257,3.043848318930279,2.745413818484034,3.212923117039095,2.9616260201418116,3.132306939866916,3.036557631166011,2.7018428001759855,1.8829640145548716,1.853629295790288,1.9200718804182673,2.0106765920811527,1.2095133943716523,1.324613206029643,1.496780335970874,1.3544280610164163,0.7794354530284675,0.8312837853101239,0.7782463307133229,-0.16155791663258928,0.04816913526349324,1
-0.33704563655179176,-1.2905890628293597,-1.10813036052763,-1.2983827645549275,-1.1991860268162848,-1.341383118185689,-1.5619231494390973,-1.2612485561157099,-1.695696696829737,-1.62492789341497,-1.329063036630653,-1.0704980761165106,-0.6866265890664578,-0.5712768020367319,0.021828231407680754,0.1681411680162147,0.1898291317544341,0.008005434825517098,-0.20774129169719308,-0.0868381150653225,-0.3980846163096617,-0.34338368715058815,0.1685561738017786,0.7830149338165072,0.6472892809671287,1
1.4025764116998534,0.28625256605434946,0.13533780032014267,-0.1868540350580209,-0.3668165843614782,-0.721201256974454,-0.6586123631264533,-0.9426996135563144,-1.2408805816016004,-0.4154393762858096,-0.13448028322383335,-0.48229100785042894,-0.31298856929956953,-0.0588774356686865,0.3764683997086397,0.5656889913953045,0.6744173309632431,0.4114685001054017,-0.06035383603189866,-0.17367289694136384,-0.4204047069016834,0.2267930811452203,0.5092053463016959,0.7031787564332409,0.5195754635988148,1
0.02085440861278276,-0.8038190810161874,-0.3681882329244736,-0.19822577915120848,-0.4360937470998449,-0.46932753432179153,-0.27019738779619423,-0.38818794037624527,-0.3911839294785197,-0.19713967493237713,-0.05758988809098273,0.34202085562581697,0.5208583706503054,0.6723883175113242,0.4660718376790914,0.2555051256518351,0.1469505489472659,0.542893679287888,0.8017659246930273,0.39591510659668383,0.35989430144268575,0.457103717250464,0.6999186929376577,0.697087672945854,0.939635496024091,1
0.8138553786434352,0.5569392841914989,-0.1434565680835077,-0.22639912327731,-0.09060784530605487,-0.4206999364262496,-0.3394337195371423,-0.4982613412087895,0.09082977057113366,-0.21619336010238013,-0.012980744735256414,-0.2812012283177682,-0.4596184449756296,-0.8810416706099062,-0.4813141399371652,-0.0129348251676812,0.3125198730947581,0.466344376318499,0.10522154969328454,0.24422744043571581,0.5737404322798585,0.39271196521734164,-0.025889073337711344,0.07967070280698807,0.20179242594575092,1
1.361831826779805,1.2963145526169535,0.9927300274797706,0.34558419239681554,0.26761946723645585,0.780289116874991,0.9832776349987218,1.0064904626588416,0.6037230511552384,0.4137885195649108,0.4294623529980544,0.6822573581914517,-0.06515462663905229,0.10257352636500153,0.3829442981727904,0.25357275006000457,0.6597512541497228,1.2661399657825694,0.841829231312238,0.49723615073004757,-0.10753633273201217,-0.6027786096986661,-0.026829395148919577,-0.7360563234927128,-0.792077450210413,0
1.7092062943474575,1.2448258764067166,0.9658670251154073,0.6848078482652209,-0.02071229486782744,-0.02586080258529405,-0.49259277199620294,-0.6303923825228736,-0.3572369892355085,0.11222648524692644,0.3695208875640067,0.6446520681574384,0.7328045166587955,1.1866374591562556,1.3996604092064076,1.8182404429421304,1.6370943121300627,1.5280436525306325,2.128571732489403,2.156561718014028,2.1719677351304725,2.0324337550390803,1.9111822686923494,2.378079448644675,2.4165674854710906,1
0.4200383821293843,0.4195655825807795,0.10754466162956765,0.06300089944514871,0.4581723794445115,0.08545685649855171,0.10969200482284348,-0.5389677897970365,-0.21510845974007786,0.24969607640369362,0.6136602670767419,0.7324085328541603,1.0355999259112254,0.7371869907928411,0.9815882307728785,0.7722483169720994,1.171682302689676,0.9653633809333337,0.7472683073897558,0.8601401856712779,0.9140214677048938,0.28551167364498553,0.36767337146990975,0.15726973099698885,0.17555738550468286,0
0.09852497265030624,-0.1310800562909179,0.08105549950492402,0.41543508810877205,-0.3590581493094253,-0.05081621374854467,0.17787199558580347,0.2837342105350563,-0.021734904251065945,0.38487988980821264,0.6532877739512941,0.011604612324426097,-0.4832253952131917,-0.7222576414380866,-0.6303724488574053,-0.649526171232576,-0.05220156560925081,0.10625615228540378,0.45630046702316207,0.7010459452268579,0.16652688215101935,0.553171527423898,0.1985471331959749,0.06048049185455239,0.220882092242291,1
2.80479206875121,2.67878606463782,2.2058923494535296,1.7158423002707741,1.901904745098056,1.964864297035129,1.9383693185987991,1.7124564780881033,1.4671869975602114,1.3620052992048408,1.4247952383331008,1.1003096085559725,1.0540338061579213,0.8600169429384698,0.6477984540707122,0.5206539189868217,0.5876533533895595,0.8009650744206189,0.9869390083353777,0.632020232222164,0.4770181627212454,0.6189727015148199,0.6035322123536732,1.0767795523187673,1.3866819826901466,1
1.6844513658498594,1.415559508019315,1.2186920685200178,1.4600488589180596,1.0429101126434033,1.249706483684542,0.6450534911168277,0.7276923131137614,0.3902815424677064,0.36159558472715025,0.4367102068905554,0.6814985664299609,0.2952745984535836,0.3638429071039301,0.6149996059105924,0.41144999198733445,0.2882587861157804,0.15027719158056566,-0.14803815553488373,-0.35829952448655034,-0.6335231597691546,-0.5582761663415856,-0.7058265618078132,-0.22570664773197927,0.361653902350865,1
0.43244393045006335,-0.4634220329504557,-0.6051474525291056,-0.5172121583039944,-0.3267399248319613,-0.4879334668205454,-0.6749727844257385,-0.8538175647586862,-0.948437948537934,-0.7407365586784638,-0.45102483182633935,-0.7911694124041259,-0.4504237168713802,-0.4548683763717396,-0.1751551920755468,-0.2631874427399219,-0.0821013901052023,0.3298557563827713,-0.21106442919712487,-0.24711337394513982,-0.7863253555709075,-0.5249822463366419,-0.7046664820767186,-0.6190663857542672,-0.7653102865134627,1
0.3017354780064619,-0.10829572106209183,0.35027866811212655,0.20088804494572898,-0.6116861186549747,-0.31243693863634875,-0.06596877705746788,0.46661358117745455,0.38658317797455466,0.5479617763590022,0.30911404522949665,0.4723732616634707,0.2677885825325852,0.6187210885960808,0.4954092615773447,0.29653207734487386,0.2801079667370498,0.18678973376455288,0.42788526830608187,0.07985511178530283,0.2985211535635964,0.38710073589808147,0.0792414991126046,-0.2638203322021864,-0.12213384871772706,0
0.5674127192210194,0.11771303814313472,0.12328497917805542,-0.36081599480607063,-0.7816058996769031,-0.6182854546029825,-0.669422829725014,-0.9153668169568174,-0.2399891962031458,-0.2249708333738388,0.35036547667108187,-0.03220719410671273,-0.030082579997856684,0.12510761703001994,-0.13639840512461632,0.2614590313872587,0.27973976062576533,0.2095978899535453,0.5106371816588398,0.12006003092882667,0.06383607806228887,-0.09685433554644902,-0.3571440785889938,-0.6750029102449249,-0.8077214452034095,1
-0.4470741875372328,-1.1554691115458846,-1.4021773859670499,-0.9131070464432323,-1.1507180712669611,-1.2525847297612764,-1.4050350848945807,-1.6089647839774037,-1.5399198915107477,-1.3072473763218027,-1.1519188826069031,-1.4176298993803023,-1.4577496827202459,-0.38311016577335344,-0.1166991287101221,0.06164874428325318,0.23346082710565425,0.5996074604734443,0.6185161239627022,0.07783996888626715,-0.0019590226888436466,0.49798724533634064,0.5004061158742604,0.06536765784667414,-0.1375051521825364,1
0.2970821719095369,-0.48541353530996756,-0.6269311109831419,-0.9640493972282371,-0.9384964876167117,-0.8451225351195834,-0.6776179721764501,-0.6948738405932945,-0.37468462276619485,-0.7708616702879162,-0.6382867278642598,-0.7364960063777923,-0.6126973953616461,-0.3475215813624284,-0.21962322069275297,0.13190974379196616,0.4904688083603814,0.8118262281944157,0.8021313937007952,0.46833252456459556,0.47211610565524,0.8151480313940129,1.0481183737881763,0.8190930684635711,1.0798213148802562,1
-1.978869231597912,-1.726816841061249,-1.7323553087983725,-1.8880841356376612,-1.958349623625874,-2.054517985960745,-1.9706461710590122,-2.1536849162584955,-2.225198274059757,-2.0674542636370243,-1.618322731478085,-1.9481619439970055,-1.4885558809230182,-1.7390826960619854,-1.6992435627877427,-2.0248885232979394,-2.0707655329408423,-2.0444794958776273,-2.119527528374123,-1.4445793363003843,-2.0454822531307446,-1.5606404808637315,-1.6188451669942512,-1.4070533786368136,-1.200001813666469,1
0.32667736262297165,0.16592971364687847,-0.5007548368691166,-0.01873155205679433,0.6405265237615698,0.22515913953212535,0.19168543911243835,0.05230718960022576,-0.40764499839001606,-0.48055604824837483,-0.5128663435642699,-0.11302263826056987,-0.038202654388783217,0.8384071135521751,0.48643603770683413,-0.08299201111116997,-0.21646310532206592,-0.746508016595829,-0.5188674915838456,-0.4898876658481855,-0.3418573083947443,-0.33412677409270314,-0.8718981556854613,-1.0256848115544928,-0.8868434099345445,1
-1.1856026057862115,-1.6373481617421854,-2.120702297162377,-1.6638879415974626,-1.7416668855089696,-1.745635024709733,-1.583064103157205,-1.9067452040903667,-1.992986796653086,-1.2718833945397883,-1.144222312519238,-1.0002003073226295,-0.9898450162031128,-0.6241033271756318,-0.6456011206046934,-0.8117821806074539,-0.9680758963256114,-0.3039953564026152,-0.4808713524157134,-0.3393529450606228,-0.2532582433040146,-0.009851400739437424,0.28376640449562396,0.512483414159861,0.025927805150225233,0
-0.40076739497679315,-0.6490991081533377,-0.3049990151317757,-0.26732810227761744,0.08966048493962345,0.2309298428632814,0.3472279113788273,0.32522790602778134,0.3115303692282942,0.5929758101449478,0.871516519227512,0.28928622581727964,0.782618438210413,0.7108080492473492,0.5153118075439598,0.21391720767721423,0.32582317230534685,0.2198641373558764,0.1708955778500184,-0.07845690273999618,0.14278488673330608,-0.5827887583497687,-0.13329324093211162,0.22703904622738655,0.20020189932025406,0
0.503333796864762,-0.021570504062026097,-0.3413449454303242,-0.14753012737621418,-0.7009162168401686,-0.8257303017357703,-1.0315021574964154,-1.1016507236794855,-0.9243647676926583,-1.1124250905406063,-1.2314873860387099,-1.0313714684781838,-0.9978099721327509,-0.5981227073759848,-0.07501910136408195,0.3569680641385144,0.6844543340767127,0.9984622975913819,1.0175699918003305,0.7574380043252887,0.2145143461513466,0.19837188885150359,0.046790538289207206,-0.6083600391526243,-0.7406586568226718,1
-0.08927877397461281,-0.7110981704522057,-0.7976855284096913,-0.4784163614886253,-0.6873472572360912,-1.0863364428861426,-1.03883755775468,-0.6670575614151046,-1.228230574726069,-1.5666586058856342,-1.3276229334297052,-1.3465074832703439,-1.3306125920377696,-0.9712956133765607,-0.27710162615329686,-0.046912767704613806,0.17619194631871854,0.07122436245670016,0.24064290122550583,0.08873395177283239,-0.3419124237804966,-0.25864543269172563,-0.513623858763569,-0.41266634966159416,-0.3277757643758761,1
1.521333502959386,1.0848138112231651,1.3645076168185353,1.1456160431736402,0.9440016636584467,0.9268414396661984,1.2119176350526817,1.557768840325676,1.7480466968318344,1.5387419473097543,1.5833961896497089,1.8741800291331707,2.073889997776129,1.8439644071691146,2.09177652873055,1.7066399312547573,1.5903112276897573,1.0917434673660709,0.8742753375397883,0.8606229344764251,0.8022071244829423,1.0547017370007346,0.5669250651746589,0.956935162654446,0.4521051591925094,1
-0.01794183278455422,-0.2220812590181542,0.0819772381638423,-0.05520168558131067,-0.039676654509940686,-0.15823895082181372,-0.11432609346965125,0.17871882194793923,-0.13022840817623352,-0.09545787011197966,-0.12485976511032296,-0.042597073365719426,-0.3505523984308665,-0.14779269690851363,-0.365148160430978,-0.15235034040475018,-0.46308673879155454,0.03179377774786079,0.14854046518095076,-0.1452669542466292,-0.2838571894628932,-0.2938548268487815,-0.1672519001233607,-0.0893517044709857,-0.5064587608909146,0
-1.5550114610171897,-0.9045962398132327,-0.9504493210152892,-0.4730109171635874,-0.49534266573078517,-0.43012237397931496,-0.6766660641384673,-0.907912908154008,-0.6529876788662348,-0.27840028174821235,-0.16282714078552357,-0.6076291784032439,-1.0804706453145456,-0.9262566664459024,-0.3324093669693599,-0.1959516616384621,-0.2264081695690635,0.0843188713424088,0.32538091829238075,0.20972445994631253,0.2955306346424912,0.31174632131629715,0.6859169647866746,0.8795045213615098,0.8498295903373083,0
1.56562568381932,1.7916543313708801,1.67917506590335,0.9907447810738894,1.1179846493983532,1.368168083823454,1.471885846618052,1.5982072429905512,1.6031889098450796,1.6880138310717956,2.04666865918567,1.9049034272962762,1.5545611779313329,1.4465250111634123,1.4450083534786096,1.3659660840902157,1.1101304036490471,1.025971777785654,0.8317811670042123,0.8598618920496784,1.1623220832957797,0.9342566955749768,1.223837977419199,2.228729467725728,2.0814688921585356,1
1.1027399646693163,0.6253648575618524,0.25105818012828524,0.38916330551917755,0.35765671074534855,0.48248230162621863,-0.11284664622342372,-0.19803780256005687,0.16266002087153647,0.005304690768318826,-0.5028348850460076,-0.06498122847964725,-0.1853648402134605,0.13721091562502433,0.0002551924799628763,-0.15033927289071705,-0.3145480058839757,-0.6408495409459352,-0.7897459856475391,-0.3481285260297033,-0.8326580404416821,-0.5623494265436301,-0.7739293339330818,-0.915639302337569,-0.9812412832953168,1
2.3459439785508733,2.213437837751397,2.318051349856903,2.3279888894788114,2.625465417855877,2.1011589107234725,1.934827344140655,0.9512153222026878,0.929652971490849,0.21682312122946218,0.4702739668343021,0.3828046621954303,0.5319129228408414,0.7688408509682315,0.9493063229639027,0.9595893433200353,0.6521286037102745,0.2835003824087798,0.9828550145202918,0.465486584397563,0.10791262606080902,-0.4535676701565696,-1.092737101222819,-0.9360574350884887,-0.8373478415348842,0
1.5401292546673173,1.3401008955118008,1.3393880369120603,1.0273348700738147,0.9270047574926246,1.0199810857724645,0.7744978871497805,1.1433028739789017,0.8863784232727991,1.1221342579653433,1.232265608726002,0.7085896005777823,0.7368282130228527,0.6082403153231647,0.3342595345251803,0.45252283066657434,0.5438437095854207,0.7978748616285716,0.5239902931871745,0.6063602133524085,0.759100979370553,0.5454251191404185,0.465549139554047,0.20793741820836215,-0.41071161912448145,1
-0.3548275641642093,-0.6449523542503959,-0.34584125896015283,-0.14203649328061357,-0.060660482107303876,0.13030925549979347,0.37244689155419936,0.01973388897915524,-0.06454939032074604,0.16444744149370719,-0.15859911080618075,-0.25200273611035817,-0.6486760935400985,-0.6680993269109761,-0.8065876304732573,-0.768286321039085,-0.7126506443384503,-0.7651409360226542,-0.8226561834585044,-0.8528729204683395,-0.5896670652742191,-0.34033282849430296,-0.2655857177930966,-0.3099234309676928,-0.23849589820288014,0
2.9616947115685104,2.746181264882082,2.124773822405991,1.693689759510847,2.06103086907915,2.1354447679009554,1.6997759683231326,1.4042114118346962,1.1417908334389482,0.7885794862306988,0.8509472647591576,0.3278573861370816,0.410134928453903,-0.43583708775112706,0.12807694533905617,0.440555362347257,0.5377031055790685,0.310225389421398,0.07089386879813678,-0.0975839647529828,0.18992245399182833,-0.7070434734858033,-0.6456246362729219,-0.4732282257967993,-0.4172765948820287,1
2.6624496836891316,2.1222949368264588,1.9053068856548276,2.222346663438196,2.170474160038307,2.3146095124838704,2.2919394447831087,2.287728934325296,1.6453203678727897,1.1764065621850568,1.4495866322698412,1.5968345620073525,1.51615317522406,1.6271927090060316,1.441791651079658,1.7213226916263333,1.8387110764946253,1.2891810316499692,0.9109772952859616,1.3348175870133256,1.296583647968802,1.2373679411884468,1.2833727784358147,1.1615159366416405,1.1824683965537954,1
0.12189807701735937,-0.24900787828931717,-0.3441579914772088,-0.26549790179985877,0.0015498665847208989,0.01922821825597786,0.2845080119039172,-0.18709588400109847,-0.1680940850559246,0.030937273646836454,0.1436106693875323,0.1681857244878203,0.09727396246292538,-0.21006276146195543,-0.20102727193891398,0.015100937947670064,0.27417693646742436,0.26695544777905617,-0.01734330673908729,0.27538035632480085,-0.3412702589307521,-0.763994394855677,-1.1435495269657345,-1.7249373929464233,-2.158882294068837,0
0.07372372343629068,0.6715229905839355,0.6882109941621197,0.9603725932293611,1.4315768349341012,0.9990897892073534,1.1921676177332732,1.0385733303104938,1.1121488163971038,1.169749380960766,1.4750220034050092,1.0652314562652203,1.3233948592974907,1.199619052201938,0.729845090136936,0.8980598051164561,0.9541162755117403,0.4676703094595674,0.34805756032569524,0.5053593853085363,0.4403381211275661,0.3501391309829238,0.15078188703742246,0.4101694941172364,0.37668739376329236,0
1.99302009187662,1.6219395458355923,1.8191193016629734,1.6215206052313569,1.3512653690592773,1.2701776850274675,1.1226650019575746,1.3503993359800484,1.5494212760461539,1.1484479474795395,0.8311043616544186,0.2216672274812173,0.5402116339671227,0.4575529647958809,0.7255082710892012,0.9951710308829026,0.6735864630827956,0.6378185557520878,0.6295277911359474,0.5151051528588388,0.3470965999795272,0.8571965093867909,0.5700440760099522,-0.0034403273845942106,0.23788040523023227,1
-0.7909165095394686,-1.3164051538398653,-2.0609725859195005,-2.3905073617903363,-2.134214068683263,-2.1275914131753257,-1.660335238607483,-1.7626819185194627,-1.5423614899834182,-1.7554567823442535,-1.6104052742742907,-0.937296511794767,-1.086461761063828,-0.9107935489585077,-0.23254330861972916,-0.025489070572263503,0.38247768582715347,-0.023076475751787284,0.2908534054693262,0.20779278843480897,0.3938483417236107,0.7739958690469265,0.6872546519949652,0.3423323633680379,0.2812664000530836,1
1.1386391948398438,0.996509158509667,1.0793102893608142,0.9511908321371425,0.97502732503986,1.0776322551690318,0.8547993588224878,0.6900918951907061,0.7640492591211336,0.6364730557156806,1.033179265590913,1.1715492214794587,1.857648221500029,2.0538029286158372,1.5085836473054421,1.7618612956726907,1.8299005754168338,1.8800767737256923,2.249016673243004,2.4063469315839727,2.3061720787669673,2.1169405696596466,2.4890398144078967,1.75788030880482,1.8765773613116603,1
2.723220061983172,2.499020086590674,2.3036594032365003,2.455346168790387,2.4818770746733656,2.417481700455629,2.624518104825471,2.4527337811939462,2.708817728603717,2.239149307180333,2.190116492458767,2.2430453654174096,1.8082759565322966,1.6958465905369766,1.8311754899496546,1.98290164878938,2.0680873572089755,2.259861512961622,2.388144105247374,2.0592017313623203,1.8425456581290351,2.2598559334529216,2.347139035261704,2.061381399049839,2.516428948479428,1
1.9433454960305878,1.1012587599835446,1.110050812111129,1.5221776577551802,1.241599223856275,1.2832941674026193,0.9732975090053393,0.9121427463226488,1.328554543479539,1.270477316771903,1.2878560670317734,0.922291096264536,0.8134240698144355,0.6201148319681868,0.31292517584089546,-0.19733851371202443,0.23643112437431618,0.5680219370952073,0.4424675541690765,0.21170463495298802,0.3416229237053964,-0.11325000289163888,0.3338850592525864,0.41113368783087967,-0.08774710052525841,1
1.830156971171463,1.5677977041040358,1.2959227506570457,1.1814062867221993,0.6454620084640157,0.7846380345803715,0.9108643677962192,0.7503942162385556,0.4471284449879073,0.826866920612739,0.6144549948061375,0.6224669445203057,0.6269585798496655,0.6572788797479772,1.1017448516549777,-0.05888660258340528,-0.4955955067951392,-0.5225335914943081,-0.7483343317206166,-0.7663262951128581,-1.0400489848778505,-0.8767065873499371,-0.49443887937579667,-0.1602544160025869,-0.7232984310986073,1
0.7894987185350943,0.3180143511471266,0.016851931411766552,0.46870195036707984,0.026974743030097004,-0.44782822669827527,-0.6083325675997506,-0.7223253347692706,-0.6719398513981529,-0.6637838163872976,-0.5545217723057844,-0.30514041918007284,-0.15360819644905935,-0.24633018927123954,-0.09238240395364801,-0.15796428760894182,-0.592549404910606,-0.7445435568109469,-0.5407773549405037,-0.7233481423574202,-1.0060672129453065,-1.1228147215148154,-1.0401209756069199,-0.31298019125608456,-0.6718036484748728,1
2.8613963039868495,2.6435975094721704,2.49781054292957,2.099001685165575,2.094339662150671,2.5006747217786183,2.4120598505919792,2.618463547242377,1.874054704179145,2.351247990536484,2.204645488286567,1.7159436974897835,1.7620559136110818,1.8553606675242231,1.6916684591294315,1.2171090272818674,1.4603373070544923,1.3636331038320824,1.330766489499628,1.145576868559377,0.3067229508421309,0.5647106164485718,0.6945668283879474,0.45484318797295853,-0.03888150074809289,0
1.0569340373224612,0.5377428795230351,0.4635253078249048,0.4623104742546609,0.42377181070361986,0.5801128070448874,0.3781515177747934,-0.15345147582971003,0.10987766143440432,-0.30216025758712184,-0.7060169350138134,-0.20120778928752803,0.1773092650021029,0.3580634029148584,0.4863856187610999,0.09420827646465013,-0.424206882082102,-0.31297096341040487,0.08706271348365316,-0.03304144117412973,-0.5499560087696522,-0.5343242328899939,-0.2663461359106172,-0.3403667030874662,-0.4652855648988066,1
2.63888169440317,2.4048490512805136,1.6679312787636198,1.5264197495365321,1.46237626122402,1.791667841477131,2.0844985764722774,2.0888394670684676,2.005649531242718,1.7247581286584204,1.456949627548285,1.5005294185278544,0.7984372513114173,0.8951196893149461,1.0799061996079968,1.198534149043653,1.317636015087824,1.5310377581731112,1.2133170202987238,1.1289209172775585,0.8823651560843055,1.2291215900117933,1.2120266563036586,1.275605855000767,1.628097157671112,1
-0.631662146698202,-0.6477897148823997,-0.7977859889374402,-0.5669783193805105,-0.4678957638204531,-0.494700830594642,-0.24060774270713664,-0.5777392144081399,-0.11237121382112904,0.09149306271107904,-0.12630355065771798,-0.18041109379366296,-0.28013328347261857,-0.6407744372939737,-0.7851735831153723,-1.330011072739989,-0.8779118829231891,-1.1589184380472342,-1.084622486445475,-1.4520424991180747,-0.8151112226494961,-0.6043928713240524,-0.23933769417973405,-0.4582448360326756,0.2987946948429327,0
0.7169618668496243,0.963850752281153,1.3459559370233827,1.0866019812535836,1.0241414305800134,1.2551993822368017,1.5796554527263404,1.3402459890231508,1.4860708176779422,1.207251319122434,0.8633520672818706,1.3256417048774478,0.5990118251050703,0.7516503685137128,0.34850914853698267,0.15898718590208233,0.11301841381724863,-0.05745858643352805,-0.1740298072538255,-0.760399047593945,-0.6388203399900615,-1.2734521748829588,-1.17484892405412,-0.988883348100994,-1.689514442104951,0
1.8888232954998574,1.8753545034402836,1.8380152242933498,1.2116160343547888,0.8866672481903544,0.512618750626839,0.1610526272407399,-0.25868583108657855,-0.6348993015834172,-0.8124263611215174,-0.9963198661472624,-0.9307211691911669,-0.8697061609913954,-0.8361132960186178,-0.747684817111216,-0.7929781010241258,-0.08356986216348285,0.10847962468977139,0.7662149531544111,0.49487626624618714,0.35080159989719967,-0.035797688969243596,-0.05462556729456523,-0.4276839139659135,-0.6179748402543757,1
-1.604133019670044,-1.3881982091965501,-1.7905850812720192,-1.9463892939946625,-1.8731410289162955,-1.8648361581955375,-1.8475575052564688,-2.4073307103840387,-2.439730397116909,-2.58037813906647,-2.2291135665688997,-1.817285851023324,-2.119553690198609,-1.9809738515796178,-2.316890681941748,-2.2224350474287844,-1.5765201887834492,-1.5353385124671621,-1.4415311782486673,-1.263389622946114,-1.2034060272661566,-0.8726282113477629,-0.805199128261234,-0.013101233687878154,-0.30449030021344015,0
-1.9836835076390344,-2.0089858953917648,-1.7471006014757604,-1.9730636669407051,-0.9801364573372954,-0.5683864206340433,-0.4778995537290332,0.05418407160787653,0.2228644977448569,0.3020771879507851,0.580234236620216,0.2507436957963204,0.3101460751021624,0.0024154719377060957,0.16866756636422475,0.4094228747432243,0.22480555599840235,0.33006235277022317,-0.07871150572790389,-0.3316234206523351,0.1402294451590145,-0.08334806360485085,-0.2925334478946671,-0.5253283475843077,-0.6096530880271369,0
