X0,X1,X2,X3,X4,X5,X6,X7,X8,X9,X10,X11,X12,X13,X14,X15,X16,X17,X18,X19,X20,X21,X22,X23,X24,Y
1.2524858331825066,0.4607391022800571,1.0079479483824545,-0.9327530876907497,0.25044594312163926,0.18532223967219075,0.1335785796663062,0.15646788803566003,0.09757260206115898,-1.3753141860343545,0.2733987275264247,0.019227517330123137,1.582254277796043,-0.5831015680031804,-1.8972586259033444,-0.5804720148596224,0.6380808881367376,-0.5468136535683165,-0.07507715974922685,-0.2786267205231557,1.5263352423028216,0.9981311260440066,1.0120790105691142,0.7149571863042006,-1.11165483368316,1
1.4311453758988737,0.3877979094237546,-0.003143192860840166,0.08685299259336862,1.4956374804884052,-1.9231368353131706,-0.4446306211531921,0.32055578864356243,0.346916126424587,0.11879305551221417,0.28925398957166293,1.3192666115912477,0.7140395708067373,0.7423511404155707,0.2264763496217489,0.33424583688331705,1.0274506305741256,0.6868432757925902,1.417998874014182,0.5051880665076911,0.2413326089574684,0.4885551961386163,0.7780445497969786,-0.9326608531107416,0.13770191726392625,0
-1.365187641083297,0.3292123791889342,-0.35419820373555166,0.15917907081633,1.4860133186825553,0.798623740769603,-1.054138211898632,1.0477846783334483,-1.2665029452341563,0.6226204285987552,0.1499793873610844,-0.19770702923007366,-1.1594730390651389,1.1725298520380867,-1.4042173033276186,1.035628707482345,1.0857846670539741,1.0386699583812264,1.2401563775627449,0.49399830987576815,-2.3710139261747156,-1.2829894576314465,-0.05108117424119418,-0.5592724025061997,1.518741358782223,0
0.5116199543811351,1.068167291649567,0.7617377336266641,-0.0075486540525628865,0.027739113733016185,0.4445846766329622,-0.491696845040742,0.12247661731043952,-0.699981266303159,-0.48172026903974585,0.9947221984864193,-0.44562102617108706,-0.05847605528486577,-1.1515555548216543,1.824786859083466,-0.26430500314044125,-0.2699949936786184,-2.362008738196443,0.48756492038679394,0.9309270671267715,-0.6633545458754382,0.43270853484300703,0.4335630510587357,-0.13964125831604138,0.2531288355295487,1
0.19705812744301987,0.8439112222001981,2.0788410547525795,0.314541177051586,2.866525524032877,-0.43703675838741884,0.759383280642435,0.079070405902012,0.049909340200737534,0.5598586450146306,-0.575799891206272,0.5723401113213411,0.12611043553950402,-0.7481947828696262,0.8198425600602849,0.4621518687077324,0.043594038513342384,1.0336701628712512,0.01849694332934837,0.680995129610579,0.7137755996458905,0.11687956520883853,1.6064261434154898,-0.9990340583247889,0.42693648004885204,1
0.6141089705698595,-0.8959256747760949,-0.24375068042482284,0.5044634974432917,1.8336381668930246,1.6817497031082358,0.46690690246884203,-0.29792120745892386,0.6876099312472308,-1.6291967405419825,2.1480154665236135,-0.6450849387061418,1.5845507950336934,1.808375429305735,-0.21366497779090676,-0.21144573453902316,-0.12006882184825285,-0.3879986560667163,0.41944443378707585,1.7734055457616953,0.16260316435643118,-0.3344615299751872,0.01374857937622076,-1.0474168410907805,-0.9063217546454244,0
2.661903300567026,1.2000351434073084,-0.10568230757709723,-0.6825381274820901,0.7524098160526169,0.8921528067860035,0.7932434278161176,-0.5332719814207488,-0.5941026919694126,1.0430030607193885,-0.6795507248710961,0.9122145895749081,1.910218911728193,-1.2562724522567932,-0.5293218406233429,0.8244675445983577,-0.1973615624924454,-0.7583352116570138,1.603230790611072,-0.645603819487096,1.0813939691072127,0.7875084286699898,1.03933009524139,2.142621729476081,1.3557352811761363,1
0.8705283224727408,-0.24299950384117497,-0.2894502940541151,-0.37605517615675343,-0.6381832134764007,-0.06998358080376635,-1.7389196519606427,1.4020795473508156,0.681538295786553,0.8104610554180826,0.09928769473632831,-0.8885779668516935,-0.10623967786923161,0.6442511322081981,1.2027359812391374,-1.6243177136932656,0.3232000542942007,-0.24076525222069037,-0.09532487577320337,-0.09814528221468043,-0.1926050851950492,-0.1375769364324776,0.5207172835602543,-1.7854444144558321,-0.08503413434639978,1
0.1798866615898327,-0.44184981563569764,2.3516603240720446,0.7061234102354307,-0.00048389665816955807,0.08422839024888273,0.2479847838890067,-0.01148826241600584,-0.8966432709460554,-0.11446906097437526,-1.0241525535144707,-0.05122750000298412,1.971642034328078,-1.2345014916839732,0.026940670949218953,0.6819647965513375,1.5365878426967288,-0.4613116794557397,-0.1569867562720399,-0.5259359174248232,-0.6136299405336834,0.39278039618021865,-0.7563772976689731,-0.6705616527249366,0.27012556494098694,0
-1.0108107050127109,-1.4283222797772166,-1.4676776594851604,0.127356665313685,0.2211676142400442,-0.5409041682213962,-0.07509244003389151,2.5718834336556244,0.7824596877311272,-1.1331536810666378,0.6623629355201932,-0.6054975631120403,-1.5697601346887764,0.41227560032443766,-0.6543205478915197,2.0716558878506195,1.37597336754265,-0.061389447018244406,1.0542265508043742,0.16810786262693,-0.06874927734493258,0.26106886773935356,1.4545920268874024,0.1549736779101562,0.91655591291492,0
0.6072236986943769,-0.9317469408473479,-0.02698905176708631,-0.9036432307177118,-1.06303134089749,-1.1502429340109728,0.38475192929002855,-0.054392934787377334,-0.9791176594510043,-0.46054429980950806,-0.19866862297196972,1.0727354186491718,0.5831250659932531,-0.034771708965588344,-0.062785394102987,0.8750075991477011,-0.23856813120254883,-1.4705531218635897,0.8200648837264128,-0.8442105848211894,-0.3751354719462594,0.44296907141788344,1.7697138354869137,0.1186793296878718,0.9111519631886432,0
1.1157985236160974,0.39315617998781804,-1.6477441302362594,0.5152429182837435,0.7973498976156856,-0.3084917436440837,-0.5101109101376526,1.1258273392875582,0.27953973577505475,2.150737821506762,-0.03005248299891508,0.31119107624529,2.8672534019656823,0.5043214807808709,-0.7522871597202792,1.23350921855577,-1.424105819327311,-0.010312216635717825,-0.08192747858417926,0.41510762567099396,-0.16833477410008052,1.817321494081901,0.4335009119445261,-0.7934020841934994,0.8013682162446855,1
-1.2045163721735657,0.05198909861642735,1.1936504875063272,1.6337606283093875,0.13039796815146068,0.40232700357291995,0.6524416719379473,0.46675153577827555,0.8086085706740975,-1.6788613865642623,-1.1098239482610026,-0.8080092500409213,-0.6729939295328284,1.7929779569010293,1.6503788700818542,-1.4577583778096388,0.9641660863458464,-0.48520511024235724,1.2653123553768602,-0.48533770383349467,0.5077532000899055,0.07029568270344025,0.3368772839332437,-0.2935126561781041,-0.8689364388721225,0
-0.8693684004777203,-0.8708754110463168,-1.4839032338345561,1.1368566784154468,0.8237652624082843,0.32398903052413297,-0.8572669283326734,0.3252260212487193,0.5145624445880357,1.0807159425738606,-0.2453046878509616,-0.8959643314214477,-0.4413822766656431,0.6147285161795559,0.4730068162855816,0.6217034524142133,-0.3308218465634424,0.010968687627049362,1.2063832823289256,0.7999855819788853,0.8913290746442315,-0.7587383559625953,-1.1047295794692644,0.8980278492687435,-1.9504775674415895,0
1.118063961464386,0.8387277051552685,1.2993250072211422,1.313244948994136,-0.02100207775629373,-1.5674608331761153,-0.09714146262364277,-0.00800706206013594,0.5220291966455545,0.057770529385744465,-0.35639603323346786,1.4695599757233353,2.0898349486004664,0.954794391680138,0.03544522460089264,0.6237299288506493,0.437661162578398,0.2319127054956555,-0.10877753201214094,-0.19649117718161313,3.021236959678419,3.0892123011948813,0.9213031555611225,-0.6483032538934355,-0.2628137360313071,0
0.4885434551142922,0.6735741454931208,-0.1048908899845497,-1.5645037536619517,0.22849417294026103,0.08100657900792393,1.5269306474724031,0.5389211371239332,-0.283840233620641,-0.9082667396928564,1.4299684189514525,0.21263517152017158,0.21893110125072632,-0.021235075644297358,-0.27656723519271964,0.38044032746064405,0.46907710072216624,-2.123367590248865,-1.9882794631151002,-0.6773262158767549,-1.175414939586565,-0.1755007453605283,1.136637205739664,-0.7724426479892029,0.584148933209576,1
0.8586485408608938,-1.792367366278423,-0.49242680913328446,0.14410353164169606,-1.0196437187234488,0.25098282417118045,0.4821823231639908,-0.6625893592961121,1.1037246629839719,1.2654350390532172,-0.7642223675130628,-0.086835087762903,-0.7626269150487157,0.4952024718803278,0.7429662594236504,-2.306638186551268,0.42548261706945734,-0.8500684647764786,-2.3905365861690764,0.7721746368056628,0.9175618620673376,0.9190406173773368,-0.17841968971804983,-1.8387218017054205,-0.25834916696718807,0
0.1121624129212213,0.16643415564367436,2.375340552056542,0.45540678815032837,1.2121464566671634,1.116000600316015,-0.1734920622877703,0.0752917370367236,0.4567091412564567,1.4457895393569977,0.5400581238482256,-0.3401201851382238,-0.4084165581135741,1.8018165092408702,0.6271659204704303,-0.9422800817719614,0.044732668148490404,0.3053892731648045,1.7447134961695598,-0.013449489037618584,-0.01852040006656426,-0.493336080583831,-0.28965279000266425,0.2584579917567277,-1.240913071004369,0
0.09208825976872326,0.44013202274851515,-0.13630451081081596,0.9292686068462346,-1.2044766130041453,-1.0234346008157493,1.0595041300651014,-0.049896711989681986,0.5467502934939958,0.9192452382631827,-0.693771202112426,-1.3323166957795374,-2.567431784214548,0.5685485912682594,-0.31820413879628134,-1.6238083987987906,-1.1639473169069097,-0.3213250563739465,0.6226276329473264,0.22693892864941057,-0.5281843825664239,-1.2293529369316005,2.199029267984629,-0.21915900660919727,-0.8655338981780784,1
1.3192986515737655,2.0295866770039543,0.9967525562423054,1.098304349146074,0.9136270371360711,1.5596815795627572,-0.7939182436457539,-1.0785743237564622,-0.1135677675461598,0.8195966784888186,0.7128137395149002,-0.7619682388319539,1.126154118383128,-0.3362364880910561,1.0002444536226596,1.209193144904025,0.2652966663063698,-0.8728266658538648,-0.44244037551393006,-0.8395711199449684,0.22603430879433395,-0.15171387439947892,-0.897350505692193,-0.625449185436449,-0.765965541198129,1
1.1047404971724686,0.7739685836372892,2.421715201823486,2.3077437499994056,0.8025571988881359,-0.7058419158372323,-0.2823735173416357,0.5172061820794609,-0.44997004792879497,2.7681201388317347,1.021411756002826,-0.42199362295555226,-1.1566490747309008,1.094124103730502,0.5482523178813139,-1.8333829001697368,-0.11145544572276973,-0.9212529352500618,-0.43555120413758525,-0.47760834890627163,-1.0565399681792358,-0.6729464415490531,1.5268426336879013,0.5386346493719935,0.9503803549025485,1
0.006108963312872029,-0.6489111280427045,0.8286115640172098,0.9047041211208217,0.5355547153264681,2.708122459060923,-0.69312724736149,0.8188938219458308,-0.6047103293864711,0.46974055941919846,0.11533958271177833,0.007744724986516308,-1.2321870076747068,1.8331674623976615,-0.08530407406136563,0.49983118887500977,1.1654100496445816,-0.8479014941522856,-0.9840265393849006,0.19032510389979146,-0.324407117883511,-1.752849552852193,1.3186892322848396,1.4085266058600026,-0.19358345278761135,1
1.5498253348696283,0.7389052655896744,-0.5728386655277256,0.7400266181548159,-0.5985734369401654,-0.22533383676959226,0.2293497831798531,0.17412426475280685,-0.7284413077471528,1.3573476748943039,-1.95326376832534,0.9992175301603793,0.2690804202475499,-0.8090782738111117,-0.356391123985203,1.0397750669573838,0.701168710686985,-0.291223452183618,-1.1031143973684359,-1.2509685766645855,7.650419859581148e-05,0.28003444133547045,-1.4060291526634037,-0.11329000998836072,0.08535993841057243,1
1.028256684879448,-0.6824517650326749,1.4559159148011453,0.4162487045714529,0.7836547142467247,0.16746409263392686,-0.24800247522820595,-0.9544971774958884,-1.7382639055801592,-0.3693244414047936,0.08649989003802552,0.8653307024585489,0.43165115825222766,1.3692638038835518,-0.3410704547783925,0.15748267948502373,-1.1601130324277518,1.3100731788927478,0.4052749971354001,-0.20048624296532985,0.7511560946683837,-1.6003286279950193,-0.8877882501567262,-0.6579584076967929,0.04654448377950755,1
3.2607829879038235,1.8530037669564376,2.5624026098204578,0.4658414349287162,-0.014021848417641869,0.1975726946036396,-0.5693318286228755,0.6757828701882351,-0.9993648689697596,0.5205702978095141,-2.102422900588139,-0.38273138774745574,-0.8016077503636692,0.2872917145787415,0.994553533339652,1.986004666459355,0.48856227290074516,0.8511310166391042,-0.10782745799088192,-1.284213315734049,-0.3409277841696235,-1.3397155282864857,-1.2656747172593577,0.5125217869303934,-0.1687138439610721,1
-0.32781541320530594,-0.48321748904875356,0.38905549776766435,-1.4128373394240745,-3.1524852866950765,0.6422061403733381,-0.062409862912828344,0.42361725417230334,0.3682920957324662,0.6788788211017428,-1.569752260642268,-0.04883155733916247,0.7873360271361287,-0.8013384507855776,2.116592128836454,1.6531387960797281,-0.23774196804588593,0.7809964987172737,0.41807843149134305,0.05195202190370492,2.282604063406264,-1.2470943862187318,-1.8331576162239376,0.27955685660495,3.588891335225543,0
1.1259229640220692,0.7545704029365775,-1.9528953009930339,0.14977302978919804,0.1581913889330459,-1.5313180393762071,-1.1570823769140695,0.2598179641095635,-1.1313179325085236,0.9862750499430354,0.8771327613616107,0.013976880525935959,0.4379580423615189,-1.3391771250060371,-0.6321829652495299,-1.910924957559133,-0.07262270473768095,-1.104927946224759,-0.11340510197554018,-0.02370288091925926,0.88004010588202,-0.7759009890188948,1.1666711511491215,0.6987240419177689,1.7381316884721045,0
-0.9431927273141109,-1.0422786303117313,-0.43218390337750423,0.916852694764871,-1.566401295903718,0.5625845672362223,-1.8755620414239436,-0.5681817019341757,0.245638146279906,-0.45638297120952076,-1.7558974181116809,0.5129440274193009,0.9738762421067816,1.736304023920531,1.3844773437128437,-1.012957143762621,-0.42771702028338765,0.2859453973297303,0.26972697635593557,0.2826962768598963,-0.2784140177007235,1.1773358435973,-0.22792750976785286,-1.4492069976933708,-0.28378974134837076,0
0.7859837042647818,-1.2320623724719373,1.1529448709150685,0.6269921840549181,2.1267039498571716,0.345355278820709,1.1985710809720094,0.2778382027603773,-0.840213535067342,-0.00042147565985731217,0.3700833484196625,0.5903647358589355,-0.6111053940572314,1.01226308638769,0.3291344257311398,1.1900151381512405,0.6794395987322304,-0.7657312276966016,-0.4739209758662799,-0.8459879031611266,0.9967998001788922,-0.19798489940842634,0.8946908211241527,-1.325131209812497,0.1310744155591784,0
2.1052357358438876,0.5739419407410233,-0.4306674244564001,-0.4283926053203131,1.6912111898401656,1.0991661409517233,2.1319363522315866,0.4700881498291153,-0.29550314689558277,1.0099256864796822,0.12905717111177453,-1.1774704433925756,0.43830560651933825,1.1997996169983374,0.9641531116698029,0.5765016346579679,-0.9506666696582389,0.8036042160339415,0.746119120318842,0.21910047432911167,1.148987239488196,-1.0589732295875314,1.6495110450012624,1.1298133686280514,0.8061523425031732,1
0.2707206778556871,-0.5027642262904956,-0.810944951317693,0.38158209929361575,1.1290734359535988,1.5252490408559392,-0.8269678092333796,-1.4566328610992478,0.12043817169515958,0.8296574278955944,0.04381530181091159,0.3322920813304488,-2.3096000865177717,0.8458362283380925,-0.2541175838308233,0.5717390404921663,-1.0723446330258513,-1.7297907851798382,-1.7487315563590375,-0.3114081886007375,-0.8912346805742792,0.36634476817363304,1.2558418777398488,1.5553633888773344,-0.04507111104895368,0
0.4369837953325406,-0.296031467594768,1.4226242279614472,-0.21994511216777723,-0.05212914639121869,0.19314139622479476,-0.4090583675632068,-0.4785593127603751,-0.45713028856296445,-0.5548035543651753,-0.1546966235326829,0.6682330411986752,0.5151124823059292,1.7974233296149902,-0.36127444402816605,-0.10853641186452026,-0.05266641237441591,-0.8389756965028958,-0.9121010830757207,0.32990297826232706,1.0536835452235935,-0.8815370057076862,0.7191941589447014,1.585969542806074,0.8216552438067284,0
1.1534030854724264,0.10977815246207744,-0.8245718769563058,0.7716217194805268,1.4955869055723952,2.811015920888622,-1.0141871206826505,0.4199968072221287,1.3020559826312794,-0.7865135016206307,-0.8220655142235497,-0.14143461508852825,-0.015876260141647044,0.8186256434551807,0.7233111017261645,0.6006165712780629,1.3164944195951782,1.0339206674715766,-1.1364148905188827,-1.6344634688916404,1.1010544494102696,1.0038537208140466,-0.6224498582583828,0.6292490009352972,1.3171506768771546,0
1.0112175603863143,-1.1310882364877919,0.38102504497665074,0.4451983863217724,0.975494122929902,1.6314298670323817,-0.07822612717153146,-0.29334726000218553,0.1324495403937435,-1.1160095755384898,-0.8336638370741961,-0.13829151151573058,-1.0867380917938703,-0.6442028119377622,-0.5901386889439257,-1.7330165575471592,0.3774805782763792,1.7719159148940098,-0.5895157503849702,0.3620447614530155,0.41808027219121663,-1.3602242293691449,0.47241105063321065,1.0879807192540598,1.2310727840735505,0
0.33580864958926093,0.975901123894342,-1.8014274349703097,0.1647171642810908,0.5449747578475003,0.23981821847362894,0.04363843295011646,-0.6869031337686986,-0.01860140568982227,-0.43067388596394107,-0.008774408575801723,0.7464783564984026,-0.9989671914625419,-2.357541085303624,-0.5677989162487593,0.2058406062308875,-1.86110203911102,1.0616336597491252,0.5084278266558866,-0.3522609774350501,-1.081305029204609,-0.7989047676336457,-1.4556021083468664,0.23992783004697044,1.4995576478204378,0
1.4058649730017263,0.05524432840755598,0.9137860275091059,0.9440276852350584,1.8628912793231545,-1.047017174920214,0.12028265623182388,1.3379617883506627,0.7818940495064833,-0.009449968617697202,-0.515881969225425,-0.06858618860208435,-0.5267940038573087,-0.13795968017528817,0.37337990257271747,1.1367520798305373,-0.808646137881807,-0.1950805545896338,-0.12951293293189806,0.21282452719970163,-0.17017915553218985,0.7818101729246575,1.9889635244245365,0.6845519576095558,0.609787637645984,0
0.18093219040739622,-0.8275515060994715,0.24285078258816326,1.0913523847854496,-0.3498416067590787,-0.018838010683274092,-0.7007875602875491,0.13248987672479,1.1314087262976997,0.6920551597600103,-0.8916787775700592,-0.9008809134030279,0.8653488158138768,1.0839173927943744,1.3947967866834599,0.4298662249949372,0.017769748307987943,0.6791922704944299,-0.14239463813713768,-0.18090718909968284,-0.9293437347160509,0.593925745472307,-1.335284298190248,-1.1849803126979832,0.6917689171978281,0
1.9906925086239107,0.5487968464908921,0.7344957586849699,1.9686632247776392,-0.034285019680413586,2.4148503930825753,1.750728419243169,0.2966465385222771,0.44292579999306947,-1.9322090421439015,-0.002915747895344406,-1.922673661300409,0.1188914128794214,0.07567108781616835,0.41034734191448374,-0.9540625932615836,-0.7290565704406562,-1.8295833979683411,-0.6664614702894069,-0.24710968071517136,-0.28820062480493086,0.5517302172292277,0.3493192822415544,1.3465784833563443,-1.2512558075251512,1
0.8043177560741399,1.4505919113044294,1.0192146352522822,0.088068392834603,0.7157350868337065,-0.9501717511875941,-0.6413857940956731,1.864444836031514,1.907023923386367,-0.16416467474061489,0.5998637114404729,0.06756875121783142,-0.8368878675994138,-1.001591843388827,-0.6793876928131288,1.8854871683416925,-0.852351140066222,-0.61140487514574,0.5385496533756411,-0.8288285237563839,-2.710808647104173,1.220765215036385,-0.3916410021196133,0.4441043314107562,-0.5679553759276523,1
0.8806476923939371,2.2199550798926433,1.7487417817346718,-1.091726706356074,-0.9922984025696355,1.8603691229443338,-0.37172564865065266,-1.3915062512309762,-0.21012400476271315,1.2155772586900884,-0.4772227930178059,0.859466641265778,0.6189523091300213,-1.3287864572794903,0.5644333926525159,0.40288787944821797,-0.7962906213622265,-0.3135847599765532,-0.5827229313064626,1.284484567800531,0.8781395417205846,-0.722189554059631,-1.622581535804995,0.4001609847878819,0.09260413434976755,1
2.4156089004234254,0.0827857937358531,-0.6314518701532703,0.3145726676466857,0.6350657015733281,-1.422257614210232,1.906104399540724,-0.35300872896342406,1.3360546793048809,-0.29927917663878034,1.5730809542394923,1.4779499008454406,-2.5050424798575284,0.14334741094281384,-0.6822906618977025,0.15758607136147212,-1.1935017868506503,1.8438162072577988,0.16894024428686658,0.5483592392111282,0.6317871785177203,0.1028091776797935,-0.46759139940697036,-0.3379092126766904,0.3068560987299829,1
-0.4739622502462327,0.22643800712791637,0.6192227063051452,-0.8471379650064789,-0.18641014040668819,0.07236571495760788,-0.7126328235043493,-0.44416566160895143,0.020921722057354458,-1.807186324361984,-1.7810645609924918,0.2711824607914458,0.13713058919032478,-1.7902552030007015,0.8167246052631301,1.0540520368069357,-0.11512113998022161,-0.006520683734732469,0.37106828767747296,1.4021173874860944,0.30543221389620245,-1.0986049205073558,1.2396685874270736,-0.5832432058651181,-0.2031798696650189,0
-0.9186160878448283,-0.4332921978889116,-0.1667894334418193,-0.7767430188943143,-0.7927043325977547,0.4335085495776233,0.6191008520203345,1.528151664726825,1.9194367024248322,0.10104323758483152,-1.7327648239594529,1.051471268924019,1.3055554466385295,0.9674245247193621,-0.3702333178315728,1.5459776495353692,-0.4077050338459282,0.7967790718540245,-1.3382252190312214,-0.13301096392967884,0.3136535041819383,-1.6068080213801335,1.3079588509337976,0.8768974208423508,0.04525634790904709,0
1.1375507158804092,0.5266578357365889,-0.09521289027056348,0.16779874045580964,0.4255925450815712,0.04495054384412875,-1.2098383072552914,-0.044965680495038685,-1.8010406558248135,0.46428413480963326,-0.1366142963158002,-1.2115510326989058,-0.559096186613627,0.6425751753914115,-1.85962607797888,-1.0392865247017977,1.4170483083241379,0.9380940215196005,-1.0963305489627992,0.11994809736633191,-0.02257804261237084,0.3551621629618774,0.5299055135396303,0.6887392900903637,-0.010361429272346075,0
0.7689074459299627,0.6839407824346372,1.7927774025931644,-0.9618154021523939,0.30876498303097466,0.25467495993476663,0.6899092261411051,0.9276059757666293,-0.6166996507328291,0.6068306138955728,-0.054525909677003104,1.142705501397205,0.4332418987497241,1.4468822671816701,0.6919568153054231,-1.1269667017906013,0.09120266295795794,0.07412843634663419,1.3135675559689588,1.5767495335228856,0.5666926080217596,1.3962633588731375,1.434536613025241,-0.4202334065924331,0.41568629986187955,1
-0.0839803467200183,0.6687889408983603,0.6897760238001571,0.15815380565872375,0.06487214187787069,-0.1558235450259929,0.9433325256311416,0.039656757235553286,0.45824978106193515,0.28751438822203274,-1.157986092884597,0.5899716515340302,1.3325851911091262,1.3291633763737292,-0.4748926616617693,0.967208409412756,-0.25606275822394686,1.2410801219900296,1.816382930106984,0.40035629548085616,-1.5594321707450354,1.038854133517825,-0.6421093596080891,-0.17732586320536053,-0.5931427952896575,0
-0.03626558317687456,2.204037944726595,0.28223497477054205,0.17527440844948722,-1.3586489983149561,-0.9832024450562732,-0.29159518467916146,-0.28034358432726264,0.8164524088065263,-1.1932600636118924,1.5259336292750356,-0.8963693289993677,0.2212609628748792,-0.785746691512595,-1.0027875293153303,0.6110770292514736,-0.6682980027976387,1.6919033422707395,0.9593212227838938,-0.05051582775689241,0.621593615930286,0.28708559045516313,-0.13137096182818545,1.5349829656098863,-0.07634697668357754,0
2.2743996116856002,1.6873699351054507,-0.0028188541916081,-0.36650190582078945,0.5144807443214623,-1.251381389328645,0.09717657049036209,-0.4721411771847227,0.46897176789258377,-0.8073040875054512,-0.312820176850258,-1.039093439685434,1.0096017714881405,1.2302103889889149,0.17698113754262146,1.0344574234860917,-0.741606549859559,1.0301715856784939,0.38171474298015073,-0.549317807491777,-2.1852565777924813,-0.029273359284415226,0.9326203863671476,1.73507961785181,-0.5042144070020821,1
0.6951747127150205,1.3644565450928163,0.4389997234009815,0.055723916895403236,-0.6060311631563675,-1.8172991698466625,-0.9068600211061786,0.07589165149674973,0.027899204911066178,0.2379674984211603,-0.05488233829860742,-1.1144903447130055,0.7638727023865048,-0.8166635337928391,-0.30693235677680625,0.3244968757386892,0.9454135214331018,-0.4755856350302723,-0.567253497230011,-0.7495887421536758,-0.1864117505837851,-0.6186041392443846,1.2895920351038932,-0.9832951012443883,-0.4361796421929575,1
2.386049030521395,0.5589524771907769,-0.492266165644417,0.4302558729478078,1.0990795793534414,0.08817097863992522,-0.38158756220567874,-1.094797840444516,0.704116250902773,0.6494535068882884,-0.0024611014157670252,0.15381598343305886,1.5054632128413523,0.6079057269160619,1.1629977125544106,-0.8914593650825335,-0.6073992568936536,0.5755668879308214,0.9611499518799136,-0.22063600229794078,-0.6300066879382336,0.6786709108737166,-0.4803378985383433,0.9096928760479875,0.32355679848996877,1
-0.2832670872884316,-1.4314892481312713,0.19591356768875562,1.1248836516215754,0.1957032096095775,-0.3580051042955067,-0.2883938440034598,-0.7711602228263092,0.9221673808674358,0.02578549463728244,-1.807171405166518,1.5253756919119752,0.11912420062051798,-0.08200318931213421,-0.36082454309907314,-0.19732610154044075,-1.2001233511445626,-0.470808674669534,-0.6928531794925785,-0.21360695797765022,0.39874990690699913,-1.125263272489694,-1.027336780154987,0.7809860338968903,0.5831991011592089,0
3.3087555116659755,-0.023945248065940894,1.1988802805602756,-0.09601319128993291,0.7683826462690715,-0.45891603845989526,-0.9610951985942646,0.9427855539473342,0.41640908464401405,0.249325559582192,0.6749660787963573,-0.3942461625741876,-0.6471040667269701,-0.5613977134302002,0.19238918863778748,0.356911475873349,-0.10093647787833833,0.5094595514192606,-1.5612552352237818,-0.2495949639912004,-0.07281403910526923,0.27123014462861694,0.02859327426290904,-0.2631667435687223,-0.5710296294693692,1
2.925398558554265,-0.3701711667696118,-0.044996458056072275,-1.6067243115301908,-0.852511238164225,-0.7840080987810313,-0.8768041877347634,1.1251994818371953,-1.283095939282908,-0.3316027360538596,-0.4588395768157528,-0.24514933876535888,0.3869946883569784,0.14916432196158894,-1.4801836251377662,0.18150108983663416,-0.36111779769924207,-1.2252575104961907,-0.6856519088594046,0.054793833789156726,1.6515814523896444,0.6964047343847011,-0.9356799951540516,-0.6409698248657993,-0.3505858028957455,1
1.2964897232814598,-0.35111641024046625,1.1547521543928418,0.9667597340448073,1.3167945856215308,0.6731866996796448,2.257572806707079,-0.2640137051996909,0.6837025135167412,0.8604659776617053,0.6812817617172433,-1.0415447147423504,0.31510639150058056,0.004926666700636989,0.3553549197563609,0.8295136980437869,-0.20768300317275912,-0.7838333733488987,-2.17682024696151,-0.9327799019785732,-0.31461835158208457,0.010792458880112876,-0.21794424206132976,1.206258276425453,-1.3869846697121966,1
1.3459121433143162,-1.148365509492695,1.438878745049084,-0.3836039071877289,1.4636354001695915,0.614067577491421,1.3921381316708001,-2.2827667049584757,-0.8127471910551746,0.8840287960109748,0.016647187150688553,-0.21309342558995736,-1.1167100401536243,-0.06419748767161224,-1.4196290444643547,-0.7612182564586201,1.5132608829562686,-0.5237234270858739,-1.0721794358161687,-0.3995999718096038,-1.5396517266920837,-0.49418048805786574,-0.484873165693338,-0.2274407164541997,-0.6418014222371659,0
0.0019060828849006492,-0.7315929039601664,0.46067787323892095,-2.0168726223021465,-0.6168714584691213,-0.10092895674411595,0.3689027710522733,-0.04650975295982096,0.7690459587378888,-0.8462517420215208,0.6184253241732828,-1.2743687773163077,0.5325181920296628,-0.057716794489253265,-0.9596772880090803,-0.3268281568435376,1.3672458761059532,0.5309654296734847,0.6044184505976745,-0.37054974887158637,1.3977218383665526,0.1304623740577237,1.0635711917121156,1.3619839812260803,1.395154242637396,0
2.0916989874681406,-0.1784646624246423,0.46467366184028186,-1.0651844533792172,-0.9156490964383904,0.22977927687731228,1.0929985147744583,-1.413272799127462,1.4287269522584438,0.8851329139438887,-0.304490975852651,0.2478083490564959,1.0714188027098832,1.1875724456760175,-0.7674356023416956,1.4620294673188776,1.2967298211359377,1.6669291472634515,-0.6769419515265677,0.6814464281549973,0.575980219492515,-0.5381059373268834,-0.42857984318775116,-0.6359515410231168,0.6389132882480734,0
1.8435328359575736,0.8098334636307383,0.5545767345817846,-0.2780423531024796,-1.0419689363545876,0.5927532727113213,0.33408202962674144,-1.197769806881961,-1.622595015154972,-0.5300686382063066,0.2656879661766539,-0.1858200649734429,0.9836129581831929,-0.18019574626297544,-1.2297116964460801,0.6756018577705016,-2.0591118217477984,0.059118264727431286,-0.4788859745856829,1.0525756510127233,-0.9340496792271307,0.6966837986703767,-1.8088252587851157,0.9945005660622956,0.9157440934134353,1
1.6269237318921204,2.085941244641047,1.1861184956152888,0.6611674366326804,1.3611542872403821,0.5335622478426058,0.5528090272992843,0.5814748501872576,0.021983541377375626,-1.5333353402536747,0.36940999309655753,-1.6205567069075968,0.07691276637718772,-0.8606072645568252,-1.3228443270445123,-0.19610213378117491,-0.6180030130826504,2.820879701815406,1.4599681122894197,-0.6272216151219518,0.48931320097895015,0.9634845892303312,0.30261977308203336,0.424833631241087,-0.32416639692630833,1
-0.5510062054771314,1.3585428125361532,-0.940128247211286,0.9637900215978473,0.0563286745696715,-0.14134631751286056,-0.26160831836238707,-0.9876729601647349,0.24190724092235683,-0.2335953711167393,0.5629788867502599,-0.7870299050003868,0.3447124326355389,0.8000909114263546,-1.1851609047836924,-0.5795844693940696,0.5618466244823148,-0.15644703865589507,1.1190439540637889,1.3706610449794892,0.4738458859292858,-1.4050346557990097,-0.7631067481429586,-0.8351160427520189,-0.27169107900309897,1
1.3745559311432811,1.6429662460804135,-2.1545260837357145,-0.8564596087816925,0.630345646159048,-0.7803427504034298,0.1335037186064986,-1.2318841387482642,-0.4517361513028088,-1.3907654825873137,0.3873142161901072,-0.8792855890902289,-1.9492326158216413,-0.8195560557688325,1.2593940159999613,2.0817089786728316,0.49556985196269965,-0.6720631869795796,0.9947152495617022,1.1601039556683859,0.6238687884345879,0.40019392228490425,-1.8864520735624277,0.4177040058163911,2.073983267396815,1
-0.896758979654728,-0.7342654257391432,0.5187452508479337,0.483304601477191,-0.227336748614904,0.34398040986917533,-0.8962016333054468,2.009686552521309,0.7586332337637915,-0.8444887364531558,0.45362741673915363,-1.521402046752946,-0.9262145984193066,-1.6106004478166545,-1.5271052598758879,0.5517871045547589,1.169575276210834,-1.8510509163169477,0.28490988513762405,1.722415186625713,0.27727425274360085,-1.741275317221687,-1.4398316028867328,-0.6258577608128219,-0.00763698163541314,1
4.057012425077218,-0.8936227634441853,2.5984496354501694,2.1779979654384207,-0.6178344958702824,-0.515251034678932,-0.48175751284780527,0.515305779752236,1.0359681820887783,0.9962147230907161,-1.065291720368378,-0.9427982033646237,3.168239242370496,0.744008965977715,-0.5056565882685901,0.6031567055888745,-0.2338825233352092,-1.1510794404962428,0.34445284486343936,-0.3138910920873487,0.7680247155684434,0.0035724044738851546,-0.7677058271884338,-1.0612111782080207,0.32792600745540584,1
0.6841772897523215,3.015828658226802,1.9246508311938377,0.16667767294201513,1.2133020978970779,-1.2702154486797979,-0.3299233042186866,0.09319130313225261,0.028618530641283127,0.3938046351004524,0.06395320700254709,-1.4184037899311974,1.9420593039819916,-1.3524187146392281,-0.7727998182296739,1.534877141581278,-0.14539538362862509,1.3653937734123418,-0.05337042856063001,0.4133232123353364,-0.6950167664261588,0.7954978877692219,0.9671975245970792,-0.38181194919403305,1.2666320653419387,1
0.6796748223775053,-0.19827698329620924,-0.4196247979026135,-0.8709790466590348,-0.75765286726922,-1.2899254896585601,0.4357854756522037,0.9709022686190287,-0.9702667894190469,-0.05131516530973981,0.5852089173310427,-1.3993729576572165,0.7084889639582017,0.9667764694987436,0.5843068881975141,-0.38202602097951377,-1.613649444620922,0.4542579037642126,1.5310913245117586,-0.1942931320875244,0.1909152026064664,1.0428626030373256,0.873969811710972,0.9484516500091287,0.997851581127038,1
-0.5924759427980737,2.2407341995475645,-0.3248349764497067,-0.2754178648110349,0.7685399167783655,-0.13083225254050337,0.18550635098489693,-0.35717114212925577,0.358308808995706,-0.44221531037578926,0.5991326002457923,0.8477425322866718,1.2488995050769733,0.4553021291574737,-0.21431699034655824,1.036900741510011,-0.07617593093625083,0.7429621233351631,2.255264068583479,-0.3172628856876162,-0.4721458203408875,1.178231340197622,1.156272333868255,0.8556997579377627,0.5271911835936468,0
0.06409618346503487,0.428536972828307,-1.303230790984774,-0.3259378221603101,0.11359240686156019,1.9435945585402556,2.0448325255475863,1.16610155246295,1.023993678895302,0.22192455285795892,0.96025354090105,-0.1504642641067246,-1.5931487344920374,-0.01117539778392046,-0.3076490054741283,-1.8056856376457067,-0.7667239689313181,-0.9475278809026049,-0.2597996308397434,0.34653114022168835,1.194039947616153,0.18648494307150837,0.09417938646516485,0.29128350311034273,-0.08055307572401371,1
0.2969379403627395,1.4462824072562586,1.2580989664043354,0.9457067568273335,-0.1573352101520995,1.819928231328379,1.0193436331884915,-0.72249387870434,-0.8630553328459942,-0.4354864355363198,0.20030044311191653,-0.1357280725655851,-1.0437764277906816,0.20315216533490416,-0.6153408619263396,0.3476092051389075,-2.2707082842127884,0.09193189101742866,-0.5251950837357567,0.7778122826596541,0.8750282000901697,0.4647342217776528,0.6038462983927423,-0.9944392242982005,-0.31194704082208385,0
0.2367274092707014,-0.7889129565605615,1.5313869233829274,0.6229901554583015,-1.1329169149340068,-0.7683153275755708,-0.17845497257108522,-0.7806093969399729,0.07567022758033345,1.6127000912307796,-1.9404870930125948,-1.815457682669707,0.7010995065901813,-0.1608336726325917,1.0380729391543702,0.20965325350507483,0.9599138846035952,-0.4166226827454777,-0.014831187444598354,0.7135168585508609,1.543663620448504,0.38619650473280165,1.0252320276885727,-0.6152714116113626,-1.0184497095846918,0
0.7519604073635937,1.9076232715288597,0.41342000080793373,-1.1707434793715448,-0.9426195304483032,0.8522648435898199,1.239292099461827,-0.38348831474776257,-0.5321935345357236,0.18384814437829794,0.4702615675378614,-0.5780347384044832,-1.1359998647899634,2.0780739646672974,1.1877865728027939,1.3617526686075077,-0.5316521044545035,0.39796489591256556,-0.5254178710870605,-0.010535211634582972,-0.5998787076365719,-0.413212647176817,0.5009125667022335,1.5769868624740482,0.3955773001001307,1
0.11842698982042697,1.1665271093903653,0.34203904003236213,0.542189761641151,0.972295162961673,-1.2618578268044982,-1.1352924402726126,-0.9121076661626439,-0.15116592267728887,0.1472759767035529,-0.6238539523022516,-0.32223470615447347,-1.4232545776071823,-0.7646627922534481,0.9865997215118277,0.39816994233853537,-0.28842740223008484,-1.0906425936334772,0.8400316243345445,0.7781443489527371,0.10743665453110413,1.7008732224820435,1.369876865579742,-0.2686600192909834,-1.3884666769206155,0
0.7912644061362685,2.73379250644709,0.07229443818519216,-1.3880235658061297,0.6231151535154857,1.1414799470977437,-1.532957367824035,-0.22597694247101768,1.1266446478109096,1.2999357656624637,-2.272413264487422,1.2455182400793505,0.7927760139293458,-0.7510717174737993,-1.0970102989891186,-0.7247713729102038,-0.3199395454128091,-1.2304006927970412,-0.7551119196196874,-1.6530956590899966,0.1789186808618527,0.4716790520262337,-0.5577007669124739,0.9501160059516778,-0.30470591470182445,1
1.447352636488057,0.6382272550712784,0.9838541191685575,1.74767115765045,-1.809987042058166,1.002855467766495,-0.9294482136899895,-0.2382819209382656,0.3871515492415026,0.2476159828544248,1.9092311402180067,-0.1406944047648067,0.7587138552035948,-0.9147220240318913,0.9464357717826368,1.4831696526794493,1.274059084230255,1.115848104723004,-0.8246982843795081,-0.26322158196286205,-1.2320842036225812,0.8606874897771656,0.17588331674504035,-0.4221299066902913,-0.8792407079683524,1
0.2587652836468858,1.6335195889246186,2.6965364210564293,-0.5047983731648209,2.040162521008732,-0.1240728356545551,0.819482554938697,0.9968867911577644,-1.0703058188217442,-0.7111968928632225,-0.4506284466645404,-0.15759819178553458,-0.2781613945442165,0.31164299473108403,-2.140406579279431,0.12572560164718707,-0.03906720067844267,0.29025539723309424,-1.179434301430128,0.2513855937438781,-0.2572537090519362,-0.7825738752663007,-0.03631459324859432,0.6386370491584022,0.023595262835054937,1
1.3305519410871884,0.7781775243396448,-0.16713065055484566,0.7765429179173742,-0.542575974472711,1.3404563182813707,-1.4794788585425338,1.4274606049375045,-0.027224853969966156,-0.16829058655606477,0.12782381542029986,0.18954769624789963,0.1205984511711905,0.32273015085596535,1.6067901225316394,-0.2537712396082056,0.945785988088579,1.1993097225532645,-1.7324563572787208,0.7688009091692161,0.18672987731923796,-0.9459484622203673,-0.3170955862312273,-0.0923033459540283,-0.052515327151052005,0
-0.19803299311549893,-1.2258688905688593,0.8067010104608047,-0.03464517056298705,0.21876349521682759,0.23168592661719617,0.23646287012920192,-1.262488429009773,-0.26639001437090315,-0.9089759703758334,-0.6589760049278102,-0.5429297061814949,-1.4939525758060561,0.6035446768248879,0.7221820005921625,-0.2189133465000514,1.339378268968202,0.42408155652470947,-0.6280309240690858,-0.12293017451788409,1.0364604595109759,-0.3649399194997563,0.5056144347442246,1.6508408313928356,-1.2261219695977048,1
2.3737534695846447,1.3813149515536844,-1.618007537125024,0.2040743229719909,0.1094985578334783,0.32016976763284083,0.7288261470758264,0.49624241107225114,-0.3560531974574421,0.09445787752849638,0.9034509322543026,1.648734215674032,-1.0592750559718092,-0.2806284961540355,1.6888882404034355,-0.9656849637857867,-1.3592848894059624,-0.7371325482404555,0.5187663621990284,-1.3541472443419238,-0.4828221382846773,0.9820674072951735,-0.4135678551046681,0.17718924704577374,1.5391907543231405,1
1.4457199334725823,0.6103179462846801,-1.3209956512762733,0.5711873437886782,-1.1372011822340757,-1.0875686340132518,0.9942026859152894,0.07305312624662946,-0.4196505158829561,-0.41370124324759006,-0.31883198085335385,-0.4766758513389494,-1.348982185542497,0.42718211646744525,-1.2314533946602475,0.3723854746796669,0.9881501699646082,-0.48714967912977636,-1.4293022632911372,-1.639846545064821,1.0580826839383684,1.1205789467597804,-1.2522901715344574,0.8813208530770636,-1.802144088460515,0
0.6777297031701753,-0.3940589449037192,-0.4956469379282823,0.2222249382753369,-0.6741774620632944,0.2530049507914027,0.6355563855513534,-1.2842511549585907,1.3495722007289475,1.6154138088094245,-1.6415543046289267,-0.6353342770307859,-0.43806150386354653,-0.9199211284460628,-0.10771841661404377,-0.22126082195143096,2.3660666785703506,-0.6471906892714347,-1.4713146881493493,-0.09550464684168833,0.22027135807131537,0.8583254808705079,0.2746061603532741,1.636286832340473,-0.3033284769242532,0
1.6708395903330677,1.0755964883729998,1.4812702378417266,0.06004614651558307,1.2272481133086126,-1.2471752113676295,0.03823237897842102,-0.1806556272578449,0.323958595237013,1.2711380673205903,0.4361071288782201,0.8845442833281282,-0.3281026932642487,-0.01013930515051989,-0.549615446511274,-0.20444688720779758,-0.2072233057718441,-0.17247389812632807,-1.3492052833685875,-1.5733865895773045,-0.35574692502829763,-0.5277778047951401,1.1521190745750565,-0.3111348889476344,-0.8713148239577557,1
-1.3724698139591143,-0.5944344148178785,0.9183405633582071,0.06480528898617974,1.2579403417733883,0.05441189136269539,-0.5127442235201541,2.5106269702082256,-0.667609211955331,-0.525120012899839,-0.49296297700493436,0.07976358966987995,-0.5452675239720157,-0.057742637829137466,1.1216104804058182,1.409883768988591,-1.8296780385116156,0.2902906171111594,0.26450225034163155,-0.23335145603177365,-1.2648849708776448,0.386454227941995,0.3550727227431648,-0.26914930095098905,-1.180412744822443,0
0.6561187538444747,-1.4477033751689277,0.8369934543270148,2.046801975706243,0.5861787258001584,0.3449500171916089,0.33829700131783114,0.7068215543558496,-0.1552453331207051,0.03545881425627592,0.5241659956588286,0.7718600074052704,-0.5397402130245768,0.049530472382619296,-0.6497695275762684,0.1396080888105803,0.15135729996779704,-1.0100047067716895,0.0403809325978894,-0.019368347530064167,0.7391000590107035,-1.4894292818927424,1.665800555175366,0.18757521884903394,0.32774577242247016,1
2.1314215601420647,-0.8350225078192668,1.6071461399839595,2.2175743349033135,0.7212188115987848,0.4998530385226846,1.0977888747169662,-1.5147447512244325,-1.6912426789270627,-0.8615766169564826,1.4826586948900877,-0.019951522541565223,-1.0013624809208095,-0.7124970261187495,-0.62354159386799,-0.6800791090945701,0.7318340218086596,-0.2947192727240753,0.44985510879463536,0.19373065659003635,-1.4702767748236147,-0.773341825567479,2.510559430264245,1.595220141287046,-0.22648103939797168,1
0.2268585412509914,-0.793959045040581,0.8854216168882816,0.1504540578640702,0.3632489587520791,1.5488440232143086,0.021541076755465238,0.10639215530810804,1.074189064716658,-1.0128046326724909,-0.8643526038751657,0.42436457044707093,0.13314809959127583,-1.6241346784327642,-1.3283469550913825,-0.33913707080781896,0.6353175023282277,3.7897951234708978,0.12446331205093177,0.23502287545633788,-0.7718452243215816,-0.15188444221922312,-0.16870941084746677,-1.0547650324415736,2.244769119183394,0
2.6331698095551213,-0.13749224944008276,1.8260145874448301,-0.9122345269132979,0.7338919270270456,0.026973196398137694,1.966248513179143,-0.2780174653610234,-0.8246797504595551,1.897544554384107,0.4830018601470353,-1.364623610037266,2.1728683652288927,0.2750588213825532,-0.8409168624721911,1.0939156421224736,0.29231107504302484,-0.2938340428059403,1.209073472773529,-0.7584039076831399,0.4405492059910629,1.0109885276056345,1.3954692927749972,-0.8773030264531974,-1.2300666710634516,1
2.219682698976822,0.9258461385655468,0.9577323905177353,0.9268790327778498,0.18521543587251835,-0.24086728923905185,1.7691488968625098,-0.3144366728980107,0.08497247561989771,-0.8923229883493748,1.1151939474620876,1.1251742710661057,-0.23573076372032298,0.18407554391471118,-0.5727979851679431,0.2031079961984551,0.37749533541705804,1.195837285001999,-0.26558172891035914,1.5724352543937583,0.17937583735349438,0.5876308727848324,-1.8122629725135573,-1.2264230119054764,-1.0629752027547716,1
-1.4468588450192268,0.6552889721456788,2.0477555886231382,-0.23485556230514343,0.9840782832298659,-1.4871640102692991,0.2802168194696117,-0.8964996571222735,-0.32516426224725803,-0.028236403644315095,0.31106068201395454,-0.7013150347285155,1.1941610736406432,0.5502886948464552,-0.5777227594229735,-1.375413193575881,-0.9161364966968859,-0.33743178925032535,-0.22765086274191007,0.7251314622982777,-0.7022066249730625,0.42009813634303295,-1.1274241890743921,-0.7717921862709254,-0.30120247087893826,0
0.8871774418644205,-0.5196857123197319,0.6254217789333479,1.8545813332931125,-0.8369994847707563,-1.29889675485491,2.1102309171408997,-0.145754563543454,0.5128532160637479,-0.9210096814060945,-1.2294696163053709,0.9874098749841834,-0.6118752560628957,0.04630801925259875,-0.8686861556263913,0.30804123580904413,-0.40829295599037585,-0.3980693294276395,-0.3128490035953174,-0.43995554053730745,1.1732284706460456,0.7942679658756451,0.7928233031409436,-2.516800939675632,1.0743493921243126,0
-1.154834686599256,0.09155904507446531,0.38297122307653075,-0.5035777244395079,0.047542235654697965,-0.33338183585221215,-0.3307842846719659,-0.585768962381377,-1.0450178374721883,-0.5301633017009874,0.32191857947278973,0.7891955541167736,-0.8340919227100188,-0.06751228364232642,0.16863931571734514,-1.2173051838367195,-1.3465665930667825,0.06404814942279127,1.1531565820898027,-0.34309267374247787,-1.109291490483262,-0.6496524460715695,0.19958160713315928,0.8153371045884068,-0.3734751427435876,0
0.4865381063039687,-0.356647712394705,0.28617787223474095,-1.5330810971120008,0.4551742514552158,-1.1063791273080574,0.15251224702670402,-0.788765940055478,0.11077909272368096,-1.8537176335741274,-1.4322881570101529,-0.18198577556650394,-0.5175924322815202,0.6438028782027707,0.6658310799891456,1.2100096525459492,1.2117981436282161,0.773651257118809,-0.9470130291872297,-0.08345633155134,-0.12838555313862002,-0.19732638099766947,0.7716425834940426,1.2173661104851334,1.2266221563452504,0
-0.45021388050250644,0.7321861523348453,0.5419249311477945,1.0718300168717316,0.13977145252108966,0.09042540476832481,-0.2893198611425903,0.7823939553168332,-0.11623434856200196,-0.18860611498123972,-0.35228048225986186,0.3132769787365509,0.6198417590160616,1.293182639051689,-0.05415071941568615,2.476151414938582,0.8138524392175344,-1.17843786341171,-0.4180811313230687,1.5047945722935083,-0.4841857746573837,0.8649536539207759,-0.6683527714037532,0.7039786868345927,-0.5319150588520198,1
0.301085792156795,-0.03243345636031014,1.2544466053006857,1.5581751097421093,-1.097824664564738,0.19252371343140626,-0.2961009414267821,-1.0705124866149633,1.3306264380489903,-0.6987563541475929,-0.20022259962282737,0.7621802308000776,0.412903410074524,-0.14339387665883588,0.6448832407891775,-0.8985334493787331,0.7890516795715468,-0.6104561321282942,1.090293894809684,0.44944039787409545,1.5345368124579941,-0.7029944982811412,0.027887474257757672,0.19476886879421895,1.0425016967683687,1
-2.7768354867588654,1.5387790866332889,0.5194359325434711,-1.228506662938583,0.3567074902411855,0.9330831035139581,-0.40341532548336856,0.26315856979909685,-0.21001167307523005,-1.1932853416411995,-0.015028517235841518,-0.42692929602439833,0.4422313544649775,-1.0203902146756607,-1.7026265057417462,-0.17935547323087592,-0.9778953486527572,0.7588672881582879,0.45495451965966616,1.035000837305805,-0.09880753698173073,0.40657311173778665,0.4637839228606895,0.08520286656351635,-0.7491683236989523,0
1.1988852067876945,-0.1343141358195794,1.2841524517025134,-1.846712188084512,0.7592723335516356,1.1410029646830435,3.0046876004596226,-1.0627744307244122,-0.33005120229834123,-0.1982662975363376,-0.24537702601404768,0.2534044334576488,0.013408972042257716,-0.8121840299733654,-0.08045202829708555,0.8404792810244099,-1.096536430568756,1.2663887992768716,0.26556901740931144,0.2319807004000854,0.7367328524837893,-0.7842001671763336,0.022841739299428787,1.1658975291459786,0.08832377401294106,1
1.0126353083904505,-0.7154997339851914,-1.3661211470260846,-1.1062280601450705,0.8787932393210247,0.7766847453436357,-1.5548535599504871,-1.2224130169777532,-0.006955622130855432,-0.5075536721045074,-1.33755175722877,0.15366698870738915,-0.45559543990958823,-0.844252851342298,1.704402440765925,-2.0375170243613963,0.34027258233879115,2.6936807327314183,0.09111290456282675,-0.02966529206011842,-2.2761159901059673,0.8860788221418512,-0.10580159737448613,-0.02358219795316934,0.5017448322029389,1
2.6179073949305853,-0.6819445950558203,0.010052211489889717,-1.0986972552503467,1.2936560346148906,0.4575538089258928,0.007349564833182665,-0.4489003297114824,-0.3044701641583964,-0.024187095492174765,0.21215277891869325,0.42866871309737126,0.8837256063844341,0.27878010850254287,0.45995871510407127,-0.5927805007356515,0.9398779141247185,-1.091201316041176,1.3398131585698698,-1.1907177956133554,1.4122777345440174,0.024197629555013686,1.7222287450978069,-1.492773470548158,0.07464313780690301,1
-0.54591984890289,-0.7264663335813782,-0.37873536829003374,1.5493382807646694,0.5938962422688048,2.7499625133636685,0.1555273105458128,-1.2321293145038072,0.9698082311395541,-0.5701374192419268,0.8756125361498712,1.0593981154461454,-0.7514887115563447,-0.7319040891031399,0.029447524049725865,-0.3905650527211685,2.1960780950931995,-1.4258011161899848,1.9377288838471043,0.7768882960914145,-2.1859041005289033,0.13521052415399198,0.876787756369233,0.38047606703838077,-1.9063306451565767,0
0.6906974484910822,-0.11947653254208955,-0.21008915690825689,-0.6431086965884869,0.5102131363185726,-1.0932248698641225,0.5795068281089013,0.1757716935242089,-0.9917445972587999,-1.8659903392532575,-1.0182105137822486,0.05910371534619252,2.1322727042275633,-0.3395413216346948,-1.19527104778708,0.2764463901422242,-1.1806220140885435,-1.1951373847745652,0.8707209627215657,-2.44494118946732,-0.7481574354608522,-0.15045478682584776,0.10745114463971055,0.15145563277973667,-0.20619906619687425,0
1.3247018752885606,0.13043066710916462,0.5586113807682279,-0.472824159394133,0.7828725663564675,-0.7852820927578783,-0.511025804122039,0.06626295605059818,0.07758725743997993,-0.4997970508159188,0.7681419141488233,0.6407994568759339,-0.4110578191336327,-1.3515457573935852,0.3206782108215052,1.0988642449323298,-0.6217533115993826,0.1402831667869167,0.6085307044291787,-0.5988180892908259,-1.7506657558334418,-0.0024254245776124256,0.6532982957594412,1.3597456662419571,-0.6348220482932722,0
-0.9480358394214252,-0.5306046376129185,-0.7078264472943889,0.22865125026605437,0.49785450873260556,0.15608718072698685,-0.14726323502013444,-0.5387913433271234,-0.15886956446368822,-0.36518962896155993,0.7277380500760141,-1.1308285885319422,0.9578449970122946,1.5419911287893984,0.2718120758840785,0.8905675590225699,-0.444458912110163,-0.4986246903607028,-2.7179423312785618,-0.10442307614615295,0.2837486509004543,0.3052769742830947,0.16130217089749524,-0.07643637325381057,-0.6908070630965776,0
2.0514941437315795,-0.864094596590089,-0.6449735442913835,-0.07015467848294543,0.9244970749288319,0.6270434035047852,1.1261438236975807,0.04968793167627707,-0.9718346865310008,0.2908418595571999,0.6876742056541494,0.8703261746206605,-0.4542229218365082,0.4630495202142074,2.736889824159858,0.18421997574895052,-0.9774922218493842,-0.6242196289200849,-0.6404674149315046,-0.6355926484276597,1.0171758137605267,0.652931463236262,0.0984902857784867,-0.1089951236625687,0.8968928874683803,1
-0.1929088709014406,-0.21535980556620582,1.146782452701536,0.8563241435049762,-0.15748915339786468,0.5327983886061433,0.46287605366215273,-0.1077346125688653,0.3136786650096604,-1.0550202553661399,1.583750518247928,0.002602581587685407,0.09868148967069462,-0.19584555917946597,2.993665404920133,1.813527527619346,0.3751242844173694,-0.6055805903915041,2.520021951162746,-0.13423772644057957,0.9585715141827571,1.2425684611424903,3.390114652751203,-1.196050377045296,2.022867906355714,1
2.055398588898378,-0.26516995697989093,1.6674858478912813,-0.27498190994534305,0.6231808806812235,-0.48325085291441167,-1.0718134788903753,1.2495510054835302,-0.05718913556997794,0.48774289363113027,0.5157346455480193,0.4002423836418245,-0.5954376143618395,-1.7439206624322714,-0.8986087672003403,-0.5944806625434935,-0.20804301474411463,-0.1241352846813378,0.10066344383496889,0.4296072920546513,-1.1413141501495663,-2.150782049832183,-0.5512779078750775,-0.2964035101590538,-1.386757313021756,0
1.9022633977452474,-0.5432246122251306,0.5444950603634254,-0.43979921927822335,0.5764754365253327,-0.8525489464520203,1.0361875481014022,0.4431518023721045,-1.6939629864868875,1.43734694302276,1.5805646816918142,-0.8567922860676996,-1.5399030075830442,-1.0645569542300897,-0.18770714309656072,0.649861025234262,1.4534434713283455,0.860232893277154,-0.16927747906834278,-0.4958342430183842,-1.5927359479634768,-0.16882843952531204,-0.6909818697622659,-1.2578448570117493,-1.4942469465495685,0
0.8958775773966814,-0.98552531438209,-0.2696788982496546,1.9778209886643165,-0.13811801272274368,0.3470974568645031,0.5896377778967268,0.5163013060760114,0.20090688284728103,0.14541335436327427,0.37625858178874577,-0.04199459155959384,0.6999105509941896,-0.4530902303164963,-0.509631104266441,-1.747562731513665,-1.3091339116543674,0.8544668965818596,1.1998608155227,-0.21799558785298054,-0.9899480775658042,0.17552743360915818,-0.5613274093582579,-0.35638722138930923,0.1422862963878937,0
0.09139038171070835,1.6105173891694344,-0.19112214027915048,-0.3139134352106815,1.2699546932451475,0.3054716189445241,0.25599895882958795,-0.7875802928065175,0.4940842444414682,0.0751624596924623,-0.30111175815326496,1.237471150847708,-0.6275391133743355,-0.0740316784033738,-0.5283993276794918,2.018671163314749,0.08419165906099073,0.6251473198068977,-2.6176171468856846,-0.9672195014438749,0.37881346805472255,-0.1729243840594588,-0.6462760995605983,0.918697874122528,1.0361831681225249,1
1.183719658220061,1.9112966090540011,1.637071276287968,0.46639800098341155,-1.6870051205580217,0.4953588007127704,0.4778326942449643,0.6070844987950162,-0.448287374616621,-2.225232309711794,-0.06659447721382389,0.6250743700883731,0.15181596360144217,-0.2911327252343332,2.8804155794183006,-0.536127149444056,1.3023229275442734,1.9735123103940633,-0.7921259499247926,-0.520288034125975,-1.7267334084483108,-0.24836892885636241,3.0375579958387706,0.15439911217765181,0.5712749922257905,1
0.5830412692900251,0.059220859487617905,0.6060457799600956,1.3722102886021648,0.32944974525866244,1.6131339142710135,1.3671162066993074,-0.11054825900540588,0.8441811219216746,0.7951051739236153,1.1014667705453793,0.19951478970520758,-0.09646149276772276,0.21859577440847766,0.8287363437600423,1.4069406317234088,0.6251467844128021,-1.0684744745272912,1.6924493983247382,-0.7418035644049512,-0.8505726752042253,-2.4710464439247906,-2.219528251293391,-0.2361106381374463,-0.30720684165014606,1
0.8276990616579951,1.9256400040328612,-0.35489662313322906,0.4747542218488445,1.124877805643251,1.9862015167144387,1.090701342828797,-0.13364328128164704,-1.9399297836171319,0.8693812583603872,-0.6786710550997149,0.7611047070524116,0.062133375110248246,0.1953841685015806,-0.22547910227189283,0.5409228905753716,0.5397021538411348,1.435152520639513,-1.4303351775646673,1.664611863164372,-0.2578932100804333,-0.792298749959364,-0.5769102313231065,-0.11243391286785198,-0.20426841210675997,1
-0.7365623664781379,-2.3074811436794276,0.4843459916155624,1.1265930124568178,0.602065136347447,-1.2623285315855144,1.3019318359199812,0.07338929780347399,-1.7263419909396043,0.12056962494561575,1.1643844316167318,1.4177533850409387,-1.1483655637552914,0.9465393106760323,-0.27641677906542067,-0.4689174025432022,0.38526612643262687,-1.7293811849313596,0.15032683610555667,-1.445253692038097,-0.5686212316004513,0.2644321204554022,1.763332819479531,0.12113080174280959,2.000155509536449,0
-1.155473130612868,0.5775819930420524,0.2860628458270311,-1.829862197927049,-0.9466399045572986,-0.2227647736751494,0.3371341493803533,0.6144120239132251,-0.17870469235786457,0.46506925969124197,0.8373438237041223,0.6397428273118456,0.3919134166645382,1.0142461586338982,-0.09770440257292123,0.5171275630021294,0.35730798192362967,1.4855841015637767,1.495770730103468,-0.3230152687798903,-0.6405709756688809,0.03392763605102343,-0.44640084909516387,1.1322130815742686,1.0944064635976696,0
0.19252681849276715,-0.025222042789731475,0.5900774261401268,-0.18942527985501997,-0.0809883431441398,-0.686798519780473,-0.5966345144214718,-0.7877723605415403,0.17717679456919225,-0.3125984793690719,0.5394646838212613,1.4345248987023997,-0.9719496631600333,-0.9601813843671609,0.4803462795791269,-0.5952318353680564,1.2077242080496808,0.4914666110479792,2.250153547700828,-0.21166823337915264,1.150117585207775,-1.24076301292978,-0.46985978179731674,-0.5079072387425635,1.6076452546556688,0
1.9552074831729227,-0.10379571034433309,1.0498178306988777,-0.8890118341052831,1.7777422524087987,-0.4919272698784135,0.28308013771080603,-0.9430149850582715,-1.402797070263983,0.020500611665960865,0.2593041142304101,-0.12596473522428883,-0.7708654780614764,0.30600873542113377,-0.639291143474014,-0.4211744451439371,-0.45683528351705216,1.3487706418369418,-0.49170483580878227,-0.585996425311997,-0.6161913357036475,-0.21611449674226155,0.4276927516920669,-0.39108877335344466,-0.18003745041599342,0
1.6653275054603975,-1.3359799672265902,0.6064475761699044,2.5681147712273047,-0.8485978347285481,0.2273922820212921,0.24792199989255065,1.3437021626636807,0.6191142181964877,-0.27742076784507763,-0.5013494691969672,-1.1084479433064602,-0.27658323202008417,0.24330325551290002,1.5673590684491838,-0.45472010012373487,0.8256395244434824,-0.6932353730402001,0.8418647322203638,-1.1961092618052442,0.4966053216897079,1.0896310282276365,-0.19559411450893785,-0.3009670938468504,0.7311328773968419,1
-0.7938137565914424,-0.6020490354150358,0.6872123213711442,1.6475037578365817,-0.5254993467991249,1.9364207528963153,0.6540828315957675,-1.0045154818834652,-0.3362397266944702,-1.2465788322812856,0.20964739928835352,-0.9519094291740189,-1.1054385139593308,1.0829437214994995,-1.00446967726046,1.7149095676209507,-0.16039247687410313,-0.1008136419700289,-0.11113440396937777,-0.8005130091675219,-0.8631349931542034,0.6564554570524932,-0.19504048105421967,0.2863051895876728,-0.05379685492023626,0
2.327446600268106,1.6730133822025322,0.14220248336172858,1.9445796726416056,1.0562591306126041,0.058047563158214244,0.16728243492080763,-1.2920031871880342,-0.18725915947016114,0.14584675067925149,1.9700041389835747,-0.5997348251846802,-1.4538148565745401,0.9023627871783512,0.5216075021940653,-1.1053736981385835,-0.5899648339094835,-0.2566097596367487,0.12560674678089437,-2.455670902093109,-1.14999923644108,0.7557262866494872,0.053986031733659456,-1.6500547525438016,-0.9008165705471651,1
1.8132767548182085,1.0454996825206062,0.8927483014382476,0.7055203357262202,-0.5737554979861739,0.5694032547333627,-0.03182076188350896,0.3875774862658975,1.4586208069687812,0.2077293024762054,0.5666440280203568,0.12271251077400692,-0.20706060545898114,0.4093585196758346,-0.6930735035313609,0.11524000193924844,-0.3986729706639176,0.6973809750356134,-1.14638312865932,-1.4586456416123335,-1.990993768931116,0.6419437282915041,-0.0950556252346256,-0.542872776031041,0.5863308738994152,1
-1.0244175610421746,-0.5462735734676214,2.050107978007487,-0.8854041065478162,1.457611870716653,-1.396873723300266,0.9383947601005014,-0.4191491255035671,-1.1824387954292757,0.16366673570890475,-0.28707810731676753,-0.010291941726556494,-1.4205421207455013,0.11872621343425277,-2.228372907737357,-1.0201623895971126,-1.6053718563798363,-0.6026753964351662,-0.10698187533144635,1.1710160810008645,-0.6113881222148114,-0.623034652659906,0.24862236221327264,-1.1213681439491676,0.53677043972312,1
-0.21760416486214712,3.0342693882365186,-1.067340371294637,-0.45991103193200433,1.282808431690126,-0.3908098353805674,-0.5672941640863103,0.03679712407884603,-0.5470040544560424,-0.8935256585062881,-0.08097130899078189,-0.4335930254686835,-0.3362676449551223,1.2651853926312364,0.46891783450070756,-2.3692150516703316,-0.12446445340254866,-1.495567948931884,1.17746791452577,1.6132033812661208,1.3122017643028638,1.3177532804620384,-1.9953979917566766,-0.8786270189617319,-0.27525594462959607,0
2.2098827461891997,0.841299133563522,-1.2107134792344105,-0.14208342557043308,1.0714710957565157,-0.24017351846632498,2.660509744589396,-0.2743245759792697,-0.4662331396726151,0.2579200419564447,0.8933695521365735,-0.8624759070127899,-0.4206366753788458,-0.5965351359762069,0.3912385461753223,-1.722775125422293,-0.9600528203672534,0.46529467362317567,-0.11925392031014126,-1.2584827656338762,-0.2841118128601521,-1.192184461944176,0.19101119878022424,-0.37363901107898634,-1.7904732839484259,1
1.8151985258538246,0.5510599785430209,0.31082362792677287,0.7959357823048229,-0.3797065363711089,1.4537447341843925,-0.39850563115029564,1.3028240545000427,-1.2702541320559593,1.2974512303907513,0.9453761147279327,-0.9599334598766985,-0.24627467250858498,0.6508564047273505,-1.4877765174172135,-0.43970163147956187,-0.719630572018938,1.3509322381484052,-0.12906537417397906,1.2230286757642517,0.709016777622197,-0.9599825261363768,0.4536904672120383,1.6945992661041471,-0.20253395673394267,1
0.7390426304699942,1.0312016436793103,0.7464476006370819,2.0618298654401856,0.9697630329886823,-0.26286096725094565,-0.4178949868892754,-1.777630682267414,-0.04198184527599874,-0.7917859766113544,-0.738457842893571,0.3800746971940471,-0.054814125468253844,0.5571422480273465,1.0739170236095013,0.46501412874339443,0.1430038881634883,-0.5343223392614774,-0.422205032382306,-1.8277528893474813,-1.6191262392729144,-0.3596633447741879,0.8538502642141694,-1.42467198277135,0.05388891814055602,0
1.3877345492205633,0.7222367746136282,0.8912329107868416,1.1337011156080432,1.4464511164925844,-1.90997212112761,-1.7034690380001918,0.6687350672090147,-0.5824898441064688,-0.7731094297835188,0.27791689732942243,1.0862481447325887,-1.0667432833468193,0.04232693087884602,0.20198071474942944,0.01715148346044804,-0.34824238376102035,-1.275889017765281,0.2690292605063037,-0.8848619373494725,-0.9685220213521835,-0.5693558803920664,-0.4738554836799476,-0.3336610250973195,0.3359659843352788,0
1.2027807542389177,-0.6727485306189742,2.0955997376547626,0.8132070764170294,1.162669024717268,-0.369548170222573,0.48322968666212246,1.2622316299135434,1.2668098684440436,0.7931561818645959,-1.4665600014294382,1.0009509482392385,-0.7188964535040789,0.08251383173938254,0.038069579817689506,0.5700783472308057,0.5901794858682594,0.2168217369045527,0.7255562920053076,0.8298527752312517,1.322465498939838,1.060092552351082,-0.6031319398799724,0.8348279983121327,-1.2257828718089037,1
1.3845388973967112,-0.23404085283265408,0.5530551412699858,0.5017457049164272,0.377146758971987,-0.1687468443761275,-0.2941041564768502,0.44654310812446235,0.27046908925823354,-1.287548740569579,1.071265769798246,-0.733408471826854,0.9090259988129044,-0.5470704551388519,0.9516523681067593,-0.323758132529116,-0.5116207990786331,0.31110164584234334,0.8021791456074039,-0.7957471138291871,-0.6430255989615219,0.37204212107290585,0.5861106400419033,1.0984279947506848,-1.063237768975117,1
-0.6396813637399756,1.0848095296334048,-0.10626158814049613,0.790133230511173,0.5640063704237199,0.5090809769086805,0.09566993424326528,-1.2794226564902467,-0.35802391378263543,1.5748195960923792,2.3299599229622046,1.3148192761993542,-1.4080053478172783,-0.7999294081640149,0.31718927176701694,-0.14146340274885918,-1.3655968434770378,-0.4258005183735347,0.15395673320557346,-1.1887864984916345,-0.26068764641417735,-0.9372806021136894,0.8372323764684725,0.2770041369502324,0.008011028899271806,1
-2.3848948818372047,-0.09216137556406125,1.313157273937223,-1.1132056234799839,-0.9149938757308811,0.39044210445776617,0.7203207466554097,1.4747085092923262,1.1049013378304342,0.6583024646137502,1.7842570558244144,0.7328327799069235,-0.842024259952943,-0.9380878941367115,-0.20182667581556601,0.4201135233603992,0.3201517789106385,1.1300384389251288,0.5324316408601881,0.7081234275026179,0.9677645464884715,-1.2605707432572568,-0.585322786407184,2.281587609986285,-0.6116827655543967,0
1.422647485997457,0.7625552224780432,0.504321055852955,-0.6668879219530811,0.8060865276076921,0.3205524941237171,0.12644512559616494,-2.4007948356199176,1.5000770716942644,-0.12458446147290378,-1.163508540987682,-0.15817371438423083,-0.15259096484605555,0.16476425561897515,0.7791879162844461,-0.7296886882446906,1.0619548994198083,-1.3117945831388373,0.8486132103861317,1.116739757775424,0.34751348673428645,0.2252846492948113,0.36807915649659484,-1.0792669907316832,-0.14033294808706023,1
2.0250793570183836,2.022696809169557,0.14358104410630024,0.8997247871655409,-0.26154114051534316,0.24565345319906032,-1.1665134218691966,-1.5871764376772635,-1.3534460072919146,-1.056981025594991,-0.20691925786410006,1.4351901177132884,0.36139986092113924,2.3543025067337173,0.7501962454492077,2.3815520869886715,-0.8734514549256168,0.5053453599311646,2.0487246575056446,2.0622491104301117,-0.6935429720146931,0.7402530261534199,-2.475596219804628,1.2499056940645583,0.062127685471601045,1
-1.0227038091890057,-0.9637620703600482,0.9844987507083331,-0.31044623224807455,0.5789513800736181,0.5773462317671378,-0.26851661301577107,0.4850973374110633,-0.8765102111674757,-0.49846799338626857,0.9779178413357246,-0.8822247441692922,0.6974574576363205,0.9649746129595476,0.26125402364449385,0.5123252435458563,0.5286189443815217,0.29315848046303494,-0.7915969321087758,-0.7977956505102431,1.3066406654797336,-0.01238193738322424,1.624031419799274,0.41386289918852404,-0.9839364333869431,0
1.722630692108924,-0.09107574090543269,-0.5484970904751636,0.4082028175941609,-0.9895710676652338,-0.2835310905416263,0.7113912490711465,-0.5014677645786487,-0.3917032001701232,0.7421399038506514,0.9047304435065526,0.09774990278138394,0.23998968627563885,-0.7955089407200411,0.00447303568924419,-0.8020694367321934,0.184629089685102,-0.3312222881694913,-0.47217994686287795,-0.03961591750541321,0.30648092733242344,1.458649902297588,0.17883244966501768,0.3697559033868234,0.14212113516632371,1
-0.4757569321043224,1.77108195015835,0.3876976876331221,-1.6711805069385455,-1.2680977059896836,0.753277705373901,-1.689971310980214,-0.08046614682345687,-1.8667999221399876,0.2538522380028886,-0.311600839528281,1.4208514764820168,0.5736324516278839,-0.11141537631576603,-0.05680753090221513,3.121283360349792,0.3637140179922146,1.266836548814931,-0.9991857537667879,0.39429563070893275,1.420563660142068,-1.4442630667855956,0.4775322860925782,1.3287899710736784,0.5910218329089989,0
2.1319254452895913,1.349788290151734,0.38989518272520424,0.23690715198722012,-0.07178552088110074,-0.884073896945727,0.1428098549213156,1.0554282045475971,0.7670737955870779,-0.8974971282727908,1.3826694128589283,1.617367682766577,0.9257904850058578,0.780867229851166,-0.35454071401258097,0.5624517018148582,1.9359724582091407,-0.5710492099958777,-0.0660012407238742,1.5684239604882342,1.3960121196109752,-0.24465473199992122,0.4594330825965205,-0.905561340220115,0.030265309962770267,1
2.3797997505336737,1.1023064442024346,0.6975720399124744,0.46508442749789786,1.2948089559755578,0.46849258792377213,1.5637470806603166,-1.2217633730410355,-2.1163701319897004,-1.4336889328219018,-1.0449038502235888,0.15493134980857642,0.6723754894556584,0.330013249755406,0.25579785758840873,0.7748679120684452,0.5509794263102442,-0.22385156998042757,-1.581926451979254,1.1079902138627316,-0.36872905452786475,0.7965551079414241,1.5361186599938401,0.5626989480892541,-0.16658216566556455,1
-0.3926183096803648,1.310630945420664,0.17956688403210092,0.01574168536174478,1.8128581799215018,-0.20113997302969203,0.13479171715880084,0.11980248520948594,-0.4036781026085539,0.6153104931863992,1.2034211301234463,0.09057107275660438,0.23400662812494039,1.04085254858736,-2.068803947501685,0.7260081955350726,0.5924765909808898,0.060237021365417476,0.05375732867708116,1.8452394218140384,0.7969686836073453,0.6892582604270233,-0.40838982148098146,0.9460096184374963,0.011770199515416427,1
-0.014650677627065683,-0.9651198513122906,1.2587842892978316,0.2636409367843785,0.16695043841616955,-0.7219583159085748,-1.3309815908195382,-0.5398694314330085,0.8816423296811856,0.9989251168576071,0.10043238856071139,-0.5208441287431933,0.15798603773263595,0.9862988610609218,0.372770076904397,2.2506276991669965,-0.5431184145678929,-0.04202214836913418,0.1707630147436934,-0.479122470418976,-0.0015276861660046548,1.7526505918937987,0.6348291291228388,-1.5259093088074989,1.1207799196228965,0
-0.013575054880964915,2.4505617467902145,0.1878080072654528,0.22329397712535473,-0.2185547786061188,0.5076077671408379,0.7704570783620921,1.0092992833875771,0.6030742858678735,-0.16996411668012673,-1.5492864344202266,1.3706663583417216,-1.2035721162575663,-1.1242421811140142,0.08782221938861423,-0.016509271062579323,-0.09276054893889368,-1.7588693168569138,-1.5627443070308926,-0.950980404787174,-1.7344140108491457,1.0907835583787957,-1.2113748262138881,-0.9443828567297919,-0.6647654137045753,0
-0.9110351026111965,0.43622868659648745,0.5905094610867201,1.2189021084809386,-0.0860260635276158,1.9316465083416268,0.2968296159829912,0.5812498018183954,0.6144741597939102,-0.21358410255010363,0.969221117074376,-0.0777863148237121,2.1831011583390096,1.9172877145923286,-1.2532484342056305,0.07958602586744642,-0.5017713225191813,-0.15370187961899817,0.20928539557914205,1.1291735187467384,-0.9115292199445761,-0.3680932087317902,0.4301749416478539,-2.006199821836479,-0.026946019234890553,0
-0.49071808950371487,0.7517315286657502,-0.5211238535762533,0.46969227801575997,-0.14295582155487324,-0.2631983123521014,0.2886718493388406,-0.03295828850086904,1.817728439618131,0.6584464985725781,1.0192330564518213,2.2878675145262743,0.5569682861991059,0.36018880435605904,0.5902834681289141,0.8654719446063097,0.2373659304612899,1.0049562441377284,0.6595848379142055,-0.2784933665508637,-1.1684677644180954,1.5944761718499993,0.5199479471762753,-0.33619278358713617,1.6578927828893617,0
1.736211296854914,-0.6841209299692541,-1.4382941851021032,1.094778561175475,0.04847269625556161,1.4242696723898258,-0.30570113143032196,-0.6056862464325856,0.046158059585354544,0.6263003335167884,0.05317796702656169,0.5217868676873487,-0.20422757981828193,1.5484460118932464,-0.1427442229982428,-0.7610827253381529,0.34291518103740537,1.8535472050616146,-0.09242940138481559,-0.28001979801991256,0.6986874848866971,-0.7284575718488884,2.0583759708328295,1.37724463281796,-0.9086136240077071,1
-0.5196588336409764,-0.6197667869411913,0.4531305217636773,-0.39366610629488247,-0.5655395203431408,-1.5354415324747008,1.144746401959011,0.3319549187109188,-0.9221606552493111,1.289086264924925,-1.0726457394133249,-0.06057293485219614,-1.852864443799848,-0.23733854275721544,1.9621972591930241,-1.066037151016965,-0.2820444050790345,1.333533232136973,2.01819608790195,0.8317563148821757,0.8642625804007786,-0.8281652806549477,1.2331707954692364,-0.3032001484827897,-2.0052921947974527,0
0.19693951148353972,-0.038710041837804986,-0.961151675347491,0.7042133346513175,1.2170261933226036,-1.1327159678774266,-0.2147415439153648,-0.8248707615550606,-0.11359329420877998,-0.01570338862715915,-0.7730952146778999,0.3551848171308656,-0.7000209781642316,-0.681587523412272,-0.5605806669442996,0.4664760752239846,-0.5608805660039433,0.03633422971583662,2.234624253033704,0.27569288033781425,0.06761636318287738,-1.6825280507191123,-0.600697155791291,0.7141553982305578,-1.5186915198629711,0
2.0400720490325757,0.16050765027608171,1.757665506974423,-1.3125897260164217,-0.11278544049866224,-0.041424909792506376,0.8479615346583553,1.4428193525072013,-1.6724346154008656,0.5254269466330445,0.5440727910891024,-0.6862333231866624,0.14959616717975185,1.9009068024002362,1.7099107600164647,0.025237290974234716,2.2198300274546305,0.6367905805518739,1.9949747302717655,0.12449184357426372,-0.6666721032211775,0.6537659658065164,2.59015273082762,0.019411163014010663,-0.5870196469485214,1
1.6014460542722593,1.1276835579461917,0.7368077292294745,0.5323620124441182,-0.7079219685819553,0.25112842223865117,0.17710935333713923,-1.5608339138376537,0.996788014486913,0.412174943020421,-1.5713083732563637,0.27921232015011804,0.6886262465263224,0.4564107054706058,0.7375707546981748,-0.49086730134844414,-1.7751067127160105,0.20480495136465737,2.0850234879532294,1.3523940756485704,-0.9867409302000671,-0.1165665060442961,0.27937696528911876,-0.6698622592379828,-0.8891569435069834,1
-0.39424056927793116,1.4540336700537868,0.19440883987547483,-0.9875301489340388,-0.7916303245031548,-1.2547792140452705,1.1570915895408918,0.08348847423814104,1.6815362594743366,0.06383331601903641,0.7833785967125464,1.2947369132981603,-0.30256611175932335,-0.27331887086191897,1.4907670063794751,0.28055221185033363,1.382453320893215,0.6306428649629201,0.12315116490634634,-0.9031856132631841,-0.36155930591402363,0.5664576716273888,0.8135933639462336,0.3283795245992779,1.6862133213586934,0
0.21448774971213236,0.7771701651851646,-2.208222280505398,0.5970067529897691,-1.256128000197418,1.0237637860684643,0.1827085782772781,0.3179393441366955,-0.27368262768482177,2.1316151587070364,-0.7858379380276873,0.3828213109786913,-0.7985398613050407,-0.5093581148239604,-1.132670020908894,-1.235389779948096,0.2885180024129478,1.0104154958935836,-0.5554407908566235,-0.000729908368309426,0.05638372777327799,1.428078941923685,-0.33226179533079203,-0.5637266633149287,1.6149113776962063,1
0.04032622611769621,0.8447993886080021,0.5991886136655534,1.9261931058455468,-1.744752659596423,0.43111863266492256,-0.043708332755038215,-0.754325970784531,0.4574121394524795,-1.3409804973694004,-0.6394159948724366,0.18529349231535214,0.37588197292541575,-0.4519023114033589,1.170509657772204,-0.7028274605748452,1.097231998610713,0.9055759214197364,0.6235407849383618,0.8411641908253433,0.8878951421824925,1.2834186290149558,0.6734816115114677,2.964424259454972,-1.8674523189623844,1
-1.8713102371986576,0.04293628251297077,0.5813569891040016,0.7585700988241131,-1.017525402590593,0.3184215010794621,-1.4988101582226623,-0.5032810167601074,-2.0868035223689727,-0.5244194159071276,-0.8356184763443646,0.9974984475489727,1.5177973940696343,1.9948976252024242,1.2771868361302625,0.03955536177615865,0.5515375791481727,-0.0707542279827108,0.012890369040554878,-0.6703783819294196,-1.926954843241674,-0.5085197988154293,-0.3629754020980972,-0.025130483239857365,-0.5350867465925025,0
-0.009551870542351626,1.0380088549801878,-0.1258185765458235,-1.1283532621653372,-0.5049943016777947,-0.406124190300825,1.3355940472134487,-0.671304323414738,0.118250790869916,-1.0406191955835526,0.08059453512356861,1.426628845253706,-0.5860055504950163,0.023529917678310093,-1.7644733610978633,-1.7427611447122686,0.8240903217924003,-0.5183436921057368,-0.5203256429413858,-0.7860231559958898,-1.277707619294049,-0.9136911544326589,-1.4986584587592606,1.0558391649527352,-1.4291524509176565,1
1.3845385666636914,1.2633265151067048,1.9652356168199578,-0.43516652542544554,0.8166391672445237,2.2251043935266486,-0.6039784304443201,1.1878728997381434,-0.10511584351682982,-0.12173128356265425,0.6639466503311852,-0.6752401546580883,-0.16497483148541453,-1.4158078030752412,-1.0113231002901846,0.2603916288563537,-1.550275665302915,0.30826370241815926,-1.871776627845335,-0.44865303706246606,1.6984465866109202,1.6978506156001567,0.7525513917723334,1.085146882152137,0.38874091792600834,1
