X0,X1,X2,X3,X4,X5,X6,X7,X8,X9,X10,X11,X12,X13,X14,X15,X16,X17,X18,X19,X20,X21,X22,X23,X24,Y
-0.7850484025764645,-0.7265469357371735,-0.6032858232996957,-0.5075012932390839,-0.09997681659619745,0.28747837644513285,0.15655080669246968,0.34777738304687456,-0.025613971830761383,-0.14155100663717804,-0.07622560531035537,0.10910959368284202,0.10428701935975739,-0.24814127859290833,-0.8942613326913609,-0.5090465711374546,-0.491605988039466,-0.5641903816141005,-0.8914673083119404,-0.8720067565240794,-0.7731488705190703,-0.6157546867850736,-0.7233688524221247,-0.6361098439241459,-1.1367028478367214,0
1.8677468607431589,1.7914031770193972,1.7898990614688914,2.41113657807071,2.349561737806315,2.0634577460015473,2.0640823642152535,2.1991447954568364,1.737370773597135,1.443793598137236,1.4115683194402011,1.4999200579140535,1.641430876773639,1.595681576548157,1.6808326529144482,1.629260225108787,1.6255823009099806,1.5168562682333142,1.2253132647303304,1.154437173404056,0.6189062772121189,0.9700467218511727,0.8801973879306744,0.8073910331153192,0.7914239676728836,0
0.5860771336527926,0.9116696730598775,0.6021057794465926,0.4399533911064497,0.3438915770282652,-0.30703444298094096,-0.5263631595496948,-0.31461081647745776,-0.15814215651093344,0.10399661602940379,0.7063204195384547,0.24626174808431445,0.6517047344336244,0.5083748706115546,0.4646654198040496,0.36675437720877563,0.8192041481900052,0.5244113053767203,0.8615913485860628,0.5644618918678728,-0.04654332392295587,-0.17011040851299453,0.14646135915613717,0.16299287920736644,0.7472697311849074,0
-0.7834136926844684,-0.6300115763956096,-0.5691951276440944,-0.7407759620324184,-0.4308763792887618,-0.38065022255229036,-0.4770401401142542,-0.31614131083303154,-0.693733942504017,-0.39103342547368947,-0.6164833247969765,-0.5426935698041777,-1.067507740075704,-0.6931042896514096,-0.4672826471877595,-0.31671042281677864,-0.6405238430635662,-0.8993812629151072,-0.4351828894039659,-0.20465855377221995,-0.451109923566561,-0.5673033218548837,-0.49289777987207045,-0.817197667061445,-0.7414018110660191,0
0.058239384063896116,0.6139426829808875,0.5886850732875087,0.7443356468390593,0.8015178843410155,0.6655814145525488,0.7366452675885231,1.0558715674102608,1.1031021355925386,1.361962539148543,1.377444152559335,1.5292164995156936,1.7104486535366956,1.3718054151831045,1.8431685474164174,1.6872953331031515,1.4638293231615285,1.632501992521082,0.9950068882276873,1.2072266053035412,0.6332904911118924,0.7128093057835145,0.539580504194545,0.20681372123681033,0.11088773518240658,0
0.7627529450436304,0.5912046025872301,0.9879909752705383,1.2678890298384469,1.4499560641310665,1.2413336953176826,0.7823425247875979,0.8030307825763068,0.8332482142826394,0.9179380234526475,1.5015486722098594,1.5813004730550313,1.7873157877811976,2.3008647842638608,1.5184001178574233,1.7158025788269677,1.4197437075740627,1.5744032515001394,1.6654370049361298,2.2010491774422967,1.993158665710383,1.7900603112169922,1.7425403977747578,1.3376525462511824,1.0539619454915339,0
1.414226790559118,0.6057514602771239,0.28074442241667724,0.7559817809329217,1.2198187915885808,1.6809643091860447,1.5685921570409385,1.553304158990957,1.5021481896326898,1.78402946786594,1.2865539427527766,1.3943154388851076,1.3281744276849234,0.4635594558615871,0.4505713288204613,0.7981797226463487,0.623879693706194,0.628978925682285,0.890015843830297,0.5325272267840933,0.2905723153567808,0.15619644303665825,-0.2562007062781675,0.037687696955380906,0.05034239193235132,1
0.057386283337028415,-0.052573549204783826,-0.008670305865359391,-0.1579155293745576,-0.272901284401878,-0.38573758307292394,-0.6848795922636257,-0.16452610183442895,-0.5057115197786232,-0.5931707438188627,-0.9767826029205529,-1.0614738372195893,-0.9816236947504423,-0.5998425432331319,-0.6358612761098951,-1.1613634023670514,-0.9984705558061211,-1.0036394097203338,-0.906912593882431,-0.7349774679640905,-0.45126152311787116,-0.17657740968094066,0.3405133478962373,-0.015266556565871985,0.17910222889182298,0
0.09841632573795939,0.10973177299659664,0.480756035499498,-0.05789151981344628,-0.23863706333150675,-0.15102693836367737,-0.1962876152222801,-0.19931128934598163,-0.4894867829185713,-0.16731952673282263,-0.43075781833774424,0.1285240233110651,0.388563232657096,0.10746398151322184,0.23697353585157266,0.8058940909468683,1.0198925648029613,0.8461425802544333,0.6889572956949309,0.558272259704759,0.3150779926398703,0.38486890498637855,0.01681875545624715,-0.23259188525989774,-0.15499715945649656,0
1.5200800819995377,1.5113574714961753,1.258803145605933,1.2059144545162321,0.647567613866017,0.46183440763812444,0.7908064060792512,1.600905870226679,1.5803738557628124,1.4632654120809492,2.06230831289781,1.4955698856816726,1.1244285384035453,0.8165191067462712,0.3752657552231975,0.42329148247203924,0.24445368296041173,-0.1865681741201571,0.003265672747938075,-0.00352621118753956,-0.11835302525380724,0.04176369621933359,0.2846422707683173,0.21587202564721167,0.3625194188003694,0
0.3873996112435532,0.23526112834655064,0.21184012158969076,0.3508883160429423,0.11971485139663587,0.5968051944644002,0.6248109053550867,0.5822866068903481,0.09849566416988535,-0.036893899276367124,-0.18364913832269597,-0.4426254718661336,-0.7067898763812289,-1.276379987736155,-1.1981269663081642,-0.9698764939949449,-0.9682133582822698,-0.9106869060384147,-0.492601894657836,-0.3954213287140209,-0.7873188945969039,-0.4696329589153956,-0.5372388316412292,-0.657985010385732,-0.6628052235211954,0
0.7381589383649914,0.6573261774890631,0.834794265768557,1.3286711904307311,1.6698835666323397,1.187463657219106,1.527206031815051,1.5035996951486694,1.4845154630393727,1.357707877261952,0.9044496257552471,0.7139480306851886,1.2632635409580835,0.6032605205440856,0.45091637104745996,0.6702060983657879,0.5039321153659433,0.5852865802738438,1.0507643151524808,1.0203529151522908,1.330676180716761,1.5956284436571688,1.7457528107247773,1.2029392031160893,1.4658179644711906,0
0.17585860509076806,0.5682042637505992,0.494547257417789,0.308067852080669,-0.3000835450127026,-0.011890851975875381,0.021941469728228004,0.43695716972056625,0.442626794666695,0.3936888222277052,0.45839030665820524,0.8942861165993997,0.8098975710423192,1.5405326132544492,1.206896517118992,0.6820516219309398,0.7770727678684128,0.7879199710984105,0.919170584279227,0.7639784979696788,0.5649460069354967,0.4205188151156636,0.08003253458278933,-0.220009831368349,-0.6618280335742527,0
0.7002707954209189,0.7841705925713554,0.9205446342541362,1.0927545506818024,0.7952291775689588,0.19041722430375352,0.09261501798590391,0.27290668752388964,0.6127681308591967,0.747393378719695,0.6661092538263493,0.5994888885305202,0.8087183708360305,0.9783712157152323,0.8669617900860384,0.5530562146779023,0.1600551421418882,-0.14052461960995438,0.23590319007515986,0.16327539973640248,0.5745195002918734,0.25450130904956036,0.33425478806453074,0.7455611752652683,0.2694975810840321,0
1.3904067990982785,1.5850660171326194,2.00363641788396,2.605010787161273,2.663521527741953,3.0387797172958977,3.391908199554623,3.3459272113731497,2.933571511962582,2.3334623397674563,1.9534699939550024,2.106555509663468,2.33407246987091,2.115896597863504,2.112033617346666,2.2739505724588724,2.224086389351982,2.032121792080376,1.4838586116832788,1.1714510176054314,1.4092390800328254,1.66862511843625,1.006192365787925,0.4081754902501603,0.0631304472068751,0
-0.8413703748579389,-0.8374945106377029,-1.349617275367061,-1.5068749090757243,-1.3299498334365027,-1.1142538624438025,-1.0252846998914267,-1.0040232989927735,-1.2724266788152567,-1.0866690055202934,-0.8325469354308719,-1.1002128606429815,-1.4870268709601213,-1.547407377300888,-1.6626774482820097,-1.067987014470329,-0.7408291405130968,-0.6083741414453252,-0.46734671795767185,0.3076184968071115,0.2174358714866845,0.5513637400453693,0.6552503474231239,0.2771650073973096,0.28200012201895275,0
-0.7660555966418444,-1.191641311833304,-0.7725539029736261,-0.7055475076003864,-0.8876880839758287,-0.6164656566063544,-0.6335533911783916,-0.7736635661914848,-0.40958824649746006,-0.4238830548494448,-0.874541211517261,-0.7226810777847625,-0.8035372947528228,-0.469842471003762,-0.4722862442820144,-1.1080717041236765,-0.7246372131711577,-0.905791584612235,-1.2487290141649585,-0.4850750599843143,0.03599392152451458,0.4462652251193506,0.4681709462783299,0.01739748418476002,0.07566059715902401,0
0.3069304686826279,0.5814237779358798,0.8882206437579554,0.7902209776205138,0.8827409816948573,1.0481757164825458,0.6746493806563792,0.902107920912372,1.0265459755412614,1.2624068531608093,1.273106643729345,1.216279669230462,1.7359433309137078,2.3829156230310606,2.498347125145475,2.093333150772123,2.161874947421668,2.174676425010971,2.2692721065568557,2.012725566327955,1.640287270431622,1.649596610694395,1.4793856977342539,1.7658539713012062,1.3174773637851627,0
-1.88023265840958,-1.6501264040935344,-1.9163801010596966,-1.723839754951755,-2.330246096826425,-1.8956879075591067,-1.496240468756644,-1.5075991327768898,-1.2319822902910835,-1.1996466594069803,-1.3228623006296651,-1.67038482139926,-1.5614671789714052,-1.1836363330469146,-1.193020274476966,-1.8794284224767757,-1.982339399060571,-1.967417834360639,-1.8305326448733235,-1.6873936929955362,-1.9478180576101218,-1.8626523561020094,-1.072811063349672,-0.9339322832591455,-1.1626688168833468,0
-0.060837461227802626,-0.009753691251691513,-0.0681081386257292,-0.08552808511128718,0.10346454232453425,-0.038653530097352166,-0.5127283168405045,-0.5619338760576207,-0.42609447770039977,-0.12453961406105539,-0.4422739613337733,-0.33484639755847523,-0.1011128659421683,0.3193576047027607,0.6720068281197835,1.35071642707675,1.2471184676444345,1.1465911998505982,1.178733853490417,0.9566215112177116,1.210387795791847,0.9348960887686488,0.7402786000854505,0.41367938016287203,0.22633014164155948,0
-1.7926953670662271,-1.4925279440170498,-1.0431754152630737,-0.7948732273575593,-0.9806525572857469,-0.7275735491227991,-0.3703872008594728,-0.01569656210552416,-0.07818867015592645,0.32965366149824754,-0.07921130257385761,-0.640899637359942,-0.39069890566980703,0.23977212839601708,0.769070781730466,0.5409590687759597,1.1975494987588895,1.2637459057832163,1.3221354330304436,1.2954797047498023,0.7753903331474732,0.654365894646206,0.8491352596259863,0.8692716742143887,0.9486389051789131,0
-0.05949495211413426,0.04889052032586765,0.1788986460181829,-0.1403957791722411,-0.34498904932819796,-0.20235096970628821,-0.584354830329759,-0.12110531500239419,0.2910802664271853,0.5088269148366698,0.8721374435841481,0.3040440604523692,0.28995064080159483,0.2744257129060993,0.28196150951743776,0.14040173112790622,0.8762803669157033,0.5992631394603929,0.944018425528449,1.1982704284348886,1.1252715287224544,0.3984752030838366,0.5643428209847148,0.567963444346887,0.19208580566855732,0
-0.10083748959570145,-0.40151749880435567,-0.6228503114976397,-0.6371134074071473,-0.8959958262091581,-1.0373541386575587,-0.8210874677014515,-1.1323579125905314,-1.037058382669595,-1.002752580187735,-1.320746676543449,-1.062022032905777,-0.8923062634089787,-1.4061742238114812,-0.9377951125951896,-0.7437166114282081,-0.3093739756992767,-0.6281211450823561,-0.5413028030655003,-0.7575566235769788,-0.25430092206450305,-0.1476992896043645,-0.3726245935158062,-0.33238633076170176,-0.22049611949506923,0
-0.020814549332655027,0.12377965284396761,0.4802309524986455,0.5291395200426501,0.22732221484338966,0.11673326017944285,-0.44110696653202636,-0.8347828051215401,-1.0776697369519692,-1.0859945164536509,-0.6348397387531606,-0.8160350659369571,-0.27890236389023687,-0.44102225380207527,-0.2394583017736785,-0.45278693695537375,-0.4403615929162442,0.018106585943549663,-0.06905889308112134,-0.03809856796309187,-0.10419201257779402,-0.3448425930865303,-0.6947094173142881,-0.5347446910233733,-0.5174740503602405,0
0.7931840857411258,0.24693375953120325,-0.09290926368286113,-0.6600751031445246,-0.844938175953635,-0.7689074916596875,-0.8162204723577327,-0.72397820644269,-0.82706029785408,-0.9141301850883663,-0.9708442271641444,-0.9672181666324451,-0.2997028581049531,-0.24969342676684775,0.7010863523517723,0.8071113710106868,0.998414981258086,0.8444676978123755,0.6668145144475217,0.12398076205152384,-0.05402841379122849,-0.45810168476142904,-0.8917352069977313,-0.6182680958408096,-0.7253718030059066,0
2.2356393868525535,2.1612264453571752,1.9311561983899455,1.1970000070292135,0.90663070574156,1.5564128704519016,1.2902445882231952,1.2600089001800394,1.1635746985446664,0.996622460156999,0.440719405167492,0.525018086969514,0.48800167766898167,-0.06166970583276398,0.30519003303788866,0.05756192054250535,-0.46139715962490974,-0.39545005151834484,-0.36348350331661666,-0.3177290322608167,0.3389223710993474,-0.20948987379729664,-0.6644557710851469,-0.4026503018020557,0.7445520515782772,0
-1.3392182325942383,-1.5214967909774095,-1.5879682750367146,-0.6052598069801632,-0.402332224949768,-0.41242835211311707,-0.29216305857300745,-0.05422840528938048,-0.6656709216598615,-0.3961998407770185,-0.8846759642008645,-1.0775045610505112,-1.3100230780350874,-1.4515177812310935,-1.4713768073824336,-1.4514565387795206,-1.2330158203184833,-1.2718797245879812,-1.3011271273322003,-1.2271684214323846,-1.1397611483421013,-1.4077275586838145,-1.0605877167495088,-0.8437307674666985,-0.32327070833562144,0
0.7426538397638236,0.8708214710922916,1.2987920654259768,1.071913681712537,0.7848450927673781,0.6328689055681191,0.29141898075194445,0.1309188301486346,0.19524385090341217,-0.40899497550216507,-0.7938110735684419,-0.47761310199322476,-0.41646010546662554,-0.3025323285831064,-0.4468512856129335,-1.0703806990417408,-0.8827784652118147,-0.7952229441715813,-0.3498412482162152,-0.5155482168373827,-0.25698950991326597,-0.24923873126381593,-0.22079681022529601,-0.9287237320047415,-0.8731674393597494,0
0.4192177512707294,0.32697372192130547,0.4105709908692905,0.6876004568498635,0.2536781680856433,0.4206044909669605,0.24136621474241282,0.5342219129608965,0.49009410194500214,0.8831421313779125,1.3466019265138875,1.050154169681582,1.2199402602056364,1.1085800062946316,1.4472396794653022,1.5542885225141987,1.7234400283065665,1.7001245613588618,1.4792238018433623,1.833093291648317,1.5917880172778358,1.7746213513677336,1.2048290292721378,0.7954959648682864,0.4857156359814435,0
1.2318934509086228,0.9010675076892767,0.4669302590204691,0.8410416878390073,0.9539143872344025,1.230290488786893,1.3119748104095335,1.4749969544078823,1.6487063005535207,2.206966570287806,2.1717173239914316,1.725422615101446,2.036843493930666,1.8311113132838137,1.703258878665137,1.3807275600643334,1.0098364456128126,1.5252025493219377,1.5271302662935364,1.7259290698988705,1.4684696235397223,1.015091976587299,0.860626457944598,0.9229071432400616,0.7467257845281312,0
-1.5767068587366377,-1.776392730769554,-1.6925283253607366,-1.3817370380081373,-1.1472366498873507,-1.1996716595715629,-1.3090138422446471,-1.188742904547178,-0.24137577160737556,-0.33024726286841793,-0.27067498355077074,-1.004675979443525,-1.3511073382822516,-1.3115890300410937,-0.9392088815307753,-0.8878158628454202,-0.5019630487735129,-0.5950852706727215,-0.16604950685398806,0.06459726969827381,-0.048062708606140876,-0.2113366544565099,-0.2786492184126474,-0.35731204981753334,-0.7146800687496005,0
-0.07184272034826626,-0.00197540003655967,0.22812197149322572,0.27352938123297643,0.3681977640271861,0.811511400977231,0.6476995968643152,0.7135940447538208,0.5889057212120875,0.24443844938551637,0.2519706830914677,-0.08193677148744039,0.03614147214686588,-0.06509525222419114,-0.13762410687044788,-0.10446329508969308,0.30423225287532357,0.38964422477116223,0.3803426963128477,0.7506124605528062,0.5592376100359124,0.003336870362048083,-0.43277932302313676,-0.2553429160810863,-0.3942873570381751,0
1.1822390264267928,0.6531700317657189,0.4987174309795569,0.5447469273383904,0.6907246244885108,0.558005987006052,0.2276803301069671,0.9015025516215561,1.5665492870719293,1.409149682661263,1.541394829883768,1.6543180308647611,1.4850540041091576,1.4901684894169143,1.3593915401702144,1.4012826107417213,1.8241281527157411,1.9606697062406773,1.7380095822826889,1.2713702997050331,1.7469425274717454,1.3906308034825774,0.7411097883409059,0.35681053468394136,0.5019166367020399,0
-0.9181909896079966,-1.3157133381029082,-1.0579279408065498,-1.0268994211928308,-1.0320749683101624,-0.8837466204076917,-1.1348278378438628,-0.7850537024165101,-0.3547536930781021,-0.2287346617034963,0.16687919220163194,0.37840730222425806,0.24346874049721498,0.0980263637023769,-0.055641701230685306,-0.5079566468585086,-0.20159850250885808,0.11797318238864168,-0.450210624150958,-0.458054440036627,-0.6943174813242357,-1.2483583646119947,-1.2529860447551648,-0.983334604673538,-0.7181138092307688,0
-1.2882142613001883,-1.4963701169892234,-1.818048527405921,-1.4872126497872988,-1.305054649245251,-1.7005386576929489,-1.652052548666017,-1.9352387529439241,-1.582964158030694,-1.5505565738010136,-1.1867185793921975,-0.898990559365253,-1.168321603111916,-1.3909771096756949,-0.9999302081847181,-0.8825255223382242,-1.271519507289314,-0.9403575007759135,-0.79153988018847,-1.1599989388229102,-1.1223489680309142,-1.2227275465702707,-1.0758939097001705,-0.7144369203620954,0.012246977474652898,0
-0.05841441472492706,-0.31014330086453473,-0.2011372187039876,0.10246221979932602,0.14054665429320415,0.1338103346246951,0.7561952409818711,1.4343623606179619,1.5089094574733377,1.3130560230551263,1.35253640924359,1.1351121157395887,1.223599648901211,1.0324908217126245,1.4272330224518455,1.5123198753504885,1.2880765391512534,1.342885385824714,1.217565760073028,1.2306520667050682,0.6441914915450516,0.6328348197794215,0.485001695115512,0.27314601880131373,0.08298720267584034,0
1.17025596378333,0.9557475946403572,1.2341495855505866,0.8486646773515665,0.49857934143188354,0.16574585043411924,0.19707220893535268,0.265005178293759,0.5117519820756595,0.2944572900077129,-0.11577973014444741,0.02548099377942727,0.3808203297084769,0.6773607461461544,0.727203801114607,0.6329668295909525,0.6210376696948374,0.7821242636792253,0.9213142171072228,0.8028346081576581,0.9148398993699344,1.0320377638355778,0.8586040107095271,0.46851888565670635,0.826276492225282,0
-1.852363114635775,-2.3685684580748236,-2.1884381948016194,-2.3748787021270923,-2.297652758345808,-1.7765822673022205,-1.4418875881131823,-1.2725973505336234,-0.9427694394286185,-0.6467734523694872,-0.4610240529392594,-0.12814148928577465,-0.3125570146778741,0.2930764309119399,-0.17755948740908284,0.0690497355888488,-0.048863749013144,0.07370328003718063,0.4532138001171444,0.4588790902173239,0.5137819710704714,0.030207269573249377,-0.1477253355797937,-0.4723807244169441,-1.0835643064926626,0
0.22709431602461339,-0.24297733087965878,-0.5495866459232026,-1.0103935818037089,-0.8077964741372521,-1.2348196187339047,-0.7076729902980126,-0.245481609663387,-0.15505726997196168,-0.6426721413138841,-0.39518328092600175,-0.4490438994237121,-0.4912110354075178,-0.38033162416165056,-0.03367879138519722,0.6142308779276919,0.3244034197441242,0.18013727309582495,0.6033068658110055,0.20013186339953593,-0.10304261091728739,0.5239420105394438,0.7495236078455372,0.9363513743108355,0.859252818556907,1
-0.459681212693537,-0.23554527072956052,-0.267660026435908,-0.6762377002540578,0.046668788653164886,0.384712482068137,-0.10290628447994114,-0.6641446504414008,-0.4790509843031424,-0.4908412654349815,-0.8231539121173558,-0.47964336217152775,-0.3461845395709701,-0.43457810174277517,0.15662223212844786,0.25263791838907407,0.025049555502576575,-0.2249703315890017,-0.27063319450154855,-0.13330872928980506,0.1682914986197451,-0.2974174738606048,-0.4125194006890345,-0.14862546061444068,0.060965100078759285,0
0.09517035781426572,-0.22108028365183,-0.250001191055671,0.36990963407313404,0.17456258374759265,0.15351911251265424,0.5440629932748015,0.1170972617360564,0.4048135438760896,0.05834084697512791,0.8308265049555903,0.5684081739263906,0.3101747616091432,0.4830818728407169,0.6928189410401409,0.38059930332326025,-0.02217041638599954,0.20992922778934026,-0.30681608706920754,-0.1739083971426039,-0.21435515252817455,0.2671065610237934,0.24563372815696177,0.6955596552486034,0.8950130925734988,0
0.23622902414039745,0.38559442405296795,0.16730631901650422,-0.12018172437740299,-0.15909203098851835,-0.09568148026409745,-0.4161796626167535,-0.2534975259485921,-0.3453453439571561,-0.6321437557686209,-0.6206049084639059,-0.14233034814268386,-0.31048182963959714,-0.7720985459000421,-0.4883209208783049,-0.4815436705322298,-1.0076207189268813,-1.1473537191706997,-1.3453358133425504,-1.070411234353333,-1.4474144662426045,-1.8235122375862292,-1.5847612200201076,-1.7816468446184297,-1.8394691020818503,0
1.2026831125057587,1.3105549483479935,0.9653161419123387,0.6328799949479906,0.4348699872415319,0.7309492439561126,0.9347018024139631,1.2186730342599172,1.5413895003138303,0.899461242841512,0.9216890791919118,0.9777546746552374,1.2913122864306625,0.4967749158375061,0.4643869892393282,0.48437693881366234,0.6473335192992141,0.9974754143238087,1.036265266818363,1.4546713527314812,1.6820626919250226,1.3063615465107854,1.5793482922471107,1.6702458249221548,1.4267070951431726,0
-0.6297178054490813,-0.9251257794802806,-0.852684479216685,-0.7178136388627,-0.41386806722166664,-0.6121744648212071,-0.5805054500061189,-0.5552901358010547,-0.6359219330022394,-0.4302524530659243,-0.42724101123074326,-0.8901535689250414,-0.5560800772020362,-0.5366704955550198,-0.8419074685359956,-0.9401663385143587,-0.22191937737062511,-0.518346368549881,-0.9942425243913726,-1.3104618343289454,-1.3814577071675085,-1.5978129297408707,-1.483891097488306,-1.4593782886193252,-1.4607044301850218,0
0.917297634761121,1.2670027655446678,1.4228873806815039,1.4086086594918386,1.8524404490640847,2.2732973350583086,2.2847630705536237,2.2721963932322025,1.8549168218297134,1.8685042605699873,1.8351499283016706,1.7928065809146005,1.8943525280143745,1.7877886072045477,1.726484180453226,1.00147796624693,1.0744517498245953,0.9440994979204359,1.0005162086370933,1.1505778554761077,0.6611163812178058,0.8974476935103199,0.7593110505931253,0.47071956154284267,0.40601161181680867,0
1.488679448934673,1.6096701750299,1.5685570626998968,1.3485248801395833,1.4041816305002186,1.258607843736467,1.498524147481581,1.0619711747964897,1.2176302657208198,0.9288560437960262,0.9587765048840258,1.2825796922483939,1.8434586389680918,1.6954053332041275,1.528860640663869,1.4905266722799002,1.3920576412918735,1.4410830181803191,1.7570593552846419,1.3204942169628475,0.845276824932671,1.1526894062458686,1.0261994767048181,1.0017606764763771,0.8660816021417257,0
0.15512719092423488,0.3804138092708406,0.22099374620081938,0.22971379999939043,0.5176958485823151,0.6839514245033028,1.0136500361857383,0.8147410399079172,0.6612037995962267,0.23752669467464116,0.34987145140869896,0.218098632752958,0.12585703649121846,0.38525044976042844,0.05834040483788566,0.5177289523547763,-0.06403437876195475,0.0923520894463713,-0.26438552338482585,-0.9725844043053599,-0.8731511182006151,-1.1428149511300023,-0.9036109416085182,-0.4629330711876241,-0.3584384436194942,0
1.8763765685072,0.9886991688817903,0.41479933888882825,0.26094607196814634,0.40012236105640486,0.0638223725087053,0.399769314856713,0.2520884048102414,0.24623661391709512,-0.2118962632062197,-0.4530968620999817,-0.704519983303839,-0.4987437507516012,-0.3981113626036149,-0.6004689156206003,-0.24624539179306604,-0.3448669451875093,0.24385410277820171,0.38056188135634206,0.07797106181004776,-0.583933134989935,-0.6799964870849319,-0.5724537676107534,-0.38860743622339466,-0.7498751275834075,1
-0.4289959402613245,-0.2500666491389457,-0.5493234563555044,-0.5654305769914646,-0.8333421565169552,-0.869615042346112,-0.8263395569350042,-0.6389067498253574,-1.0948861046836942,-1.1771940219573984,-1.6786883333100469,-1.762735768927602,-1.593097492496882,-1.579526158884572,-1.555287184392399,-1.0704533063836048,-1.0181620652022776,-1.1199922152232928,-1.4367699516522496,-1.4077032470474045,-1.4278222793075468,-1.304743144977732,-0.8112471314056121,-0.9786277826431118,-1.0196580965671942,0
0.6827188375844956,0.31677704032358733,0.498373758761336,0.8731651703693584,1.1427308877241333,0.8359550920598224,0.7096080747005864,0.5841852099700617,0.7111708826814924,0.632654761924559,0.0966784386172928,0.3148758243837182,0.3054516793752255,0.5058072512909053,0.40598375013879373,0.3026772301667319,0.2586326146084897,0.7426202444764304,0.9592926965459492,0.7013055861734944,0.4979536479841701,0.5120139709816478,0.2983440693515003,0.40808458077310233,0.436852686105839,0
-1.1723717831908689,-1.1139608048777876,-0.7347440685218496,-0.569842905946751,-0.9939426112027835,-1.029504065995712,-1.0298188137447404,-1.0398136799998672,-0.6400725171025495,-1.0840710396758435,-1.1650192881984651,-0.803866191782795,-0.7168769010303062,-1.0770053204231036,-0.777534470924333,-0.865553111411458,-0.7259270409014551,-0.5176481936203032,-0.3365626118956214,-0.05791784575157856,0.08335536723267242,-0.1461137386329967,-0.49593804563987465,-0.11917802504627557,-0.021388530058491145,0
-0.30172787111118854,-0.9706309557205385,-0.6797925439425682,-0.7947194575754187,-0.5836075318327989,-0.7499680055435171,-0.6887688589201941,-0.3175025368723507,-0.4665892958422715,-0.6115184243228325,-0.5357273761865093,-0.7864551057860246,-0.6575556669024822,-0.5028344147373953,-0.06110389215848499,0.09656950311481965,0.11680208406870232,0.1534826037550125,-0.3588444862315067,-0.27785241608136785,-0.2072289478710538,-0.011795040708753753,0.05392232514515762,0.05912790611511624,-0.07571297133444188,0
-0.5094898376144108,-1.1385773491313922,-1.0461370973168485,-1.029481295616775,-0.7966023533801107,-0.6756155837114798,-0.7921082422450316,-0.7754073676772234,-1.4868920267770405,-1.726258004083641,-1.6858642797416796,-1.9423657916368113,-1.5442644026856585,-1.8985891594841506,-2.00994981990758,-1.9961225811930678,-2.0218653010451724,-2.4389567500915903,-2.4375216249077636,-2.1664003482369365,-1.621555015871232,-1.3090644912407574,-1.5941053801944598,-1.5089316802971249,-1.5006595859466367,0
-0.8298066981260067,-1.0640625398795003,-0.8942236087788045,-1.1248770757715307,-1.1973807821768623,-1.156092469686808,-0.7518884713792122,-0.776986847382782,-0.25762091937853265,0.2323639841241435,0.15684029006850211,0.014576659313534884,0.08230704897592087,0.264095842230054,0.3431405209504748,0.8938477353328381,0.9513484291282628,1.2657750766068716,1.1371423394749363,1.5307250475193854,1.6819995679157524,1.6777060452065098,1.3771508455762234,1.4603283531752593,0.7649329626036198,0
-1.3514498201185001,-1.7193439970397562,-1.5066089519672607,-1.5865708460861183,-1.6285431145407525,-1.5793586444428314,-1.9137015027561757,-2.3029457968748703,-1.8161405894110108,-1.1984592685475777,-1.0812114145626368,-1.1285307985073505,-0.9476638127252318,-0.7828897125370915,-0.7162682169547141,-0.4819498018815235,0.16802436713793778,0.0520960540705595,-0.3457023671637123,-0.005392706508590781,-0.6050336467356705,-0.1630053308463178,-0.4141392051094901,-0.1294201238839219,-0.36914829816489175,0
0.7599383064429992,0.7461911541988266,0.622841683055579,0.43820682489482427,0.5515579392454106,1.1118177173023913,0.9339471800091833,1.3251107148256285,1.1757296659883507,1.1847010707313033,1.0426893807070428,0.7476464620819107,0.5325980946504179,0.296378949533001,-0.5122021361028077,-0.38885858422091146,-0.47070966375164613,-0.33294481569346257,-0.787914418358137,-0.7493650903844302,-0.8561909365065996,-0.7879755143048408,-0.928694589313097,-0.5318580366613122,-0.336391731778172,0
2.428201654683137,1.9000882627216065,1.808188151241362,1.7081226778015572,1.6456305959881457,2.000810356512783,1.7363451305244797,1.202879082653543,1.5922404554375273,1.2316444164894278,1.082606993470276,1.0274081892450884,1.5299257958532133,1.348700915864437,1.1848606412048894,1.41415418953678,1.495391711856126,1.4825086928969822,0.8195429506054045,1.0908991975012328,1.0198316011035253,1.1103987523715706,0.9900604752854598,1.1200413778635192,1.342052559201584,0
-0.9651048499507369,-1.2838649326804106,-0.9775756781005881,-1.2745045124870422,-0.6928427910637416,-0.7058912828394639,-0.5679682474850231,-1.4618505048773276,-1.4579552122342685,-1.5570052493317628,-1.4163208702243244,-1.5715465022169275,-1.3487872146098927,-1.5340864213887184,-1.621210730840084,-1.275894208132617,-1.5137882523333202,-1.3878867146089842,-1.0493933914712263,-1.1271774121413491,-1.1175558672913262,-1.3663148971101897,-1.638269402859668,-1.5033302581702275,-1.0863914360372078,0
-0.5391579444407659,-0.5589761666982666,-0.695986919905043,-0.653966165756945,-0.2890122566988366,-0.2969625788002527,-0.07868071304900925,0.1169607632265243,0.10208950661763924,0.23141637254477368,0.7412199235969938,0.8818980894121725,1.208082349862168,1.2883903333218967,0.8792942698812029,0.9608373667105203,0.4544317314632284,0.8344225704298024,0.2456798430264281,-0.705912667341278,-0.9107949225606945,-0.9562649957251935,-0.9742659381689287,-0.9290163369144127,-0.9974333122674374,0
-0.2524787029410845,0.27037692651506323,0.05536088235180147,0.40404952637759356,0.14219031496368803,-0.15679191621567998,-0.44062603324135646,-0.7596870928070536,-0.7383223976429036,-0.7533396647645421,-0.6881898097100331,-0.5686619542586369,-0.3084146892828007,0.08597907112867767,-0.5253535649867127,-0.5090655098435577,-0.6427077395094739,-0.9560007202767178,-0.8848438890100809,-0.7548407879010026,-0.6773773192548809,-0.9543196256876734,-0.6520383577392072,-0.5118982513594904,-0.28768724794863504,0
1.2084550384189683,0.929102339764315,0.14453891775722366,0.3521329040472088,0.39727744280444105,-0.13419037566655678,-0.13945461714751867,-0.3868188132452862,-0.3050225856682969,-0.27135665893956123,-0.18481234403047406,-0.437624717122695,-1.1413669352775333,-0.9263199499009761,-0.8841965884104628,-0.7325608495495717,-1.4622276163851673,-1.950742828257081,-1.8622346628625985,-1.7796986559662984,-1.8177258172298278,-1.9425660159507927,-2.5265987993918166,-2.3110957204902163,-1.5844436260932193,0
-1.3562432105690392,-1.0655920691963248,-0.9146585156178347,-1.4401991073003269,-1.8168101981699365,-2.044948669734866,-2.1636832517651987,-1.5153911688351434,-1.6512923162793594,-1.4911166982860835,-1.051460426866064,-0.878733445656562,-0.8372639075735704,-0.7391306607672508,-1.094636403418479,-0.7898292372913598,-1.1091812185180008,-2.0259386519179508,-1.868652160979684,-1.359142119456073,-1.071380435857466,-1.2564051477135034,-0.8964982291935226,-0.5450552473519068,-0.15728861908866415,0
0.1878926983455454,-0.5063001936476678,0.37514774672144874,0.405447440347469,-0.06132593240695926,0.37744095780527703,0.35662537456676874,0.5868332413179568,0.2540792980062267,-0.03044237720949891,-0.6672150984051287,-0.3308135965899388,0.7761054018833086,0.8067286829380109,0.7776962589243691,1.3097677040775249,1.187708705410744,1.097815339224711,1.1531025512534414,1.159794887358682,1.173833322413669,1.1867392922196878,0.7885570899632162,0.591374012271349,0.689119469743358,0
-0.06688510258531095,0.3567557359021364,0.13575915474567535,0.005947907488998511,0.49641455162446174,0.23920153157867674,0.6551525447039234,0.7524932821504298,0.560186558807511,0.5507841519582752,0.19527606556894064,0.1635535876874193,0.7074884585435302,0.4605812682955031,0.5203419546280301,1.2548258348648316,0.8739007934964846,1.0061793086580626,0.4413592588242718,0.0753069176884196,-0.4544216240151079,-0.5001322332829069,-0.3659685339725915,-0.6837993339989513,-0.287787368848402,0
0.5259899948678188,0.5083095118873788,0.4954477928985755,0.459413656931105,0.520260899727548,0.6190923577262543,0.9979352004540277,1.0235833671235697,0.47173237605085633,0.5522900027069959,0.2918982696843248,-0.29666878681472425,-0.29553262924269547,-0.4208397455393568,-0.8727286293234078,-1.2465140086283204,-1.7045160310073528,-1.2087599023808318,-0.809370944490732,-0.9911395322186483,-1.0577968901858223,-0.9170644419817492,-0.947619022707305,-0.8957772874683362,-0.7377454387774001,0
1.3955467504020431,1.8572471794826142,1.42434724505191,1.7921673019816788,2.1943930977125574,2.1814320997972025,2.2551706942485756,2.163374239974195,2.1128882772410296,1.8872509098997376,1.8873636078708882,1.9050065037820383,1.7901357151213266,1.6181343851299772,1.3681224042534905,1.6677697151423885,1.4286209903809675,1.5995421335184823,1.8339738717758047,1.191377973840222,0.6849192076707108,0.7380681026846719,0.6929338250926127,0.6304061448092758,0.592903276156882,0
-1.476028367437952,-1.4127933420372656,-1.700218502338916,-1.464784179655201,-1.2158324432541592,-0.7901111431452517,-0.6181977276172865,-0.4713066458833372,-0.0928019459896734,0.2851647579930996,0.688234552693858,0.6802517070496773,0.2872851493957455,0.5161857525287261,0.1348501185611284,-0.39414803616606786,-0.4914031254802435,-0.5345287768570497,-0.301121496255522,0.07260186926252407,0.6311819038554902,0.7123489730344451,0.8489938559212731,0.9401796194800383,0.9070703403224375,0
-1.536212051488586,-1.3941750181323336,-1.3316176569293376,-1.215277463913139,-0.8854305149879744,-0.34386243554885565,-0.29862821750511387,-0.7261355874811248,-0.3878548647845337,-0.3388334560055139,0.23061686752676344,0.07159366681971199,0.4090986061375131,0.5743162465969405,0.8790052034510811,0.7982837652301615,0.4139577913594677,0.400935485771226,0.3170139976462248,0.2266434942107804,0.254951016146695,-0.052440950828147606,-0.11244388933791097,-0.6605445566881794,-0.7689721231648726,0
0.6188214949261571,0.6391188891228505,0.9580123154213369,0.7104669310821475,0.2730563835697321,0.6380698384520243,0.6441392250553998,0.7155571113346781,0.733760642424724,0.8953597183477457,-0.0840536835580424,-0.029818319463752845,0.4136505230826418,0.38699978501114707,0.46075322921411643,0.27688075003025164,0.05350368967173321,-0.362901285589456,-0.7591056614471053,-0.6212683289055256,-0.6165167880714373,-0.6675137509263918,-0.6829792454560888,-0.9396156401621276,-1.3004875946542571,0
1.1642784414561376,1.1679533548906982,0.5168962924590221,0.06484784260566986,0.30581478289887304,0.631705529218632,0.7804421205775215,0.361560791690986,0.6080969246501267,0.5446703498340437,0.6150802096337821,-0.14235669974615148,-0.23496312192206795,0.012283498461098871,0.13540012273081034,0.025012011335502737,0.06003249342784881,0.2864517024678235,0.511498258611657,0.5510587351492913,0.4056117079869852,0.028744388154326516,-0.07148173477111848,0.021896055560691095,-0.1183893760076847,0
-0.5113962180267329,-0.2967017676512394,-0.31669749423896976,0.02651384375946081,0.17792499095077138,-0.04537423524818607,0.09930857160370711,0.24551711312741567,0.2768371697475235,0.16252548811277848,-0.18389110026575725,-0.2438175430723396,-0.454934177586482,-0.20501451313875851,0.24258800840873396,0.14557128276408227,-0.2694200639764481,-0.7772312945344948,-0.8098119499399414,-0.9997373200227584,-1.42697944255687,-1.20260608491977,-1.1901446464351786,-1.4951352429909424,-1.976587969414248,0
-1.7814657081363092,-1.590513987746718,-2.1321183705218067,-1.9988197962935297,-1.215476207605018,-1.1521389793852304,-1.465525586470268,-1.20700190853842,-0.8822356209827019,-1.2875930797765933,-1.8746479247509846,-1.3926214742738179,-1.1745049282608295,-1.5722617378695456,-1.2838058296149961,-1.1304862530260484,-0.621537168896645,-0.7441606564274054,-0.49189897810133376,-0.7527552932354996,-0.35516579250657093,-0.21491580597346305,-0.3789888126503027,-0.11225249498760967,-0.25650359398688827,0
1.2740854146183185,1.059470657417367,1.5421567846818127,1.0152295656300607,0.9358434676012524,0.9142008483273952,0.843442314269338,0.5816680573147628,0.6333246188474153,0.587372221793592,0.46915781086074204,0.41741956007820225,0.09982760705850098,0.42066383790413286,0.6082114819409423,1.2820696039077166,1.324218178589363,1.2155620627186792,0.9865957687978613,0.46312579572385176,0.6896332080381508,0.5917524024596089,1.1673680020587147,0.7184974068264337,0.6701219412203737,0
-1.769626565129014,-1.3349982918751786,-1.5486819100624691,-1.8579069648108848,-1.4681251304621494,-1.514750271041509,-1.2305879302255094,-1.0800427268809647,-1.2195349022410937,-1.1270739751621697,-0.5126019773588569,-0.6196973765343118,-0.02948654151383552,-0.2532224412978505,-0.23243039408413538,-0.027276527873083323,0.3226491505650266,0.3272529900510214,-0.06954165391276805,0.12595943848431515,-0.2942091138687905,-0.4551457849286655,-0.7545836558121304,-0.5005182812287342,-0.6546835962296549,0
1.227503445807672,0.7469921789038503,0.8096132098940524,0.5659865007088218,0.7567550533092047,0.5869137742748911,0.48623460392670537,0.699919919044073,0.5594970173179936,0.39756068012293283,0.4697237785246368,0.6134366968251099,0.5837260894976125,0.897486330990508,1.2122488542707093,0.9978176959994741,1.3921724022140909,1.3240629904226935,1.0175869079818973,0.9867185480050925,1.3752453226889736,0.6263885588620712,0.9258594805600562,0.6286077245580411,0.7369684908275651,0
0.14879080103979975,0.3230201621315591,0.4201518927590056,0.059148337768787695,-0.3590305056949911,-0.33607131513959254,-0.5491503096606218,-0.4961051664328054,-0.17825337337328812,-0.09314467626112179,-0.09094501663904703,-0.322091887731802,-0.7723715333192799,-0.7375925512780401,-0.944283922402437,-1.2773418631438704,-1.07809311158291,-1.0711893917175623,-1.4395141197971744,-1.2473473643317945,-1.2506286454090354,-1.4745733213473786,-1.7440144877201553,-1.410648428964287,-2.04405891188145,0
-0.38743154093186594,-0.838331099574889,-1.1555818019251571,-0.5923318890514198,-0.3612782351129156,-0.2541998914588307,-0.06429947869846117,-0.187127708678135,-0.3440065516034307,-0.2523829153372814,-0.17185816057808065,-0.15214893780532315,-0.8435727707729829,-0.6289563179281853,-0.15114283299583986,-0.4378014170074904,-0.4034957280127578,-0.06775496033279797,0.5014740802817964,0.22998640029910622,0.3929914216959736,0.6266947726728431,0.41481847556165036,0.31357409360455346,0.7192373605989206,0
-0.3818241770458519,-0.9364055964177094,-1.275099022978732,-1.0838768614415408,-1.337303739896767,-1.263784280303195,-0.7158730133176331,-1.0562585233158668,-1.0486291112742392,-1.157343452059641,-1.0432899370200042,-1.2261941806190852,-1.294905289638094,-1.0791486952131675,-1.233570468988641,-0.9924238598214732,-0.648813578089639,-1.0515019179176686,-1.2690398271771548,-1.5605582423610131,-0.8439488689066071,-0.6139477518216439,-0.9494883950371193,-0.681059909300875,-1.214015503679098,0
0.07360833016537396,-0.30121771872593556,-0.3296553443577738,-0.4049149656681248,-0.5006439912428221,-0.27859424942215816,-0.043873465286976096,-0.049343752929417804,0.7103120416701506,0.8518359412074747,0.02231999797350285,0.19697789369172583,-0.11705387412687955,-0.23332238893851928,-0.3667541126341585,-0.2511473435566429,0.2248403917462029,-0.26972270166316353,-0.6364438229568272,-0.5380634107356859,-0.40289980721583374,-0.35359927509481665,-0.4108909808494937,-0.16620070402181053,-0.3972368666331215,0
-1.281902401907372,-1.1853331656479196,-1.2630907950475876,-0.9605996189746189,-0.954951235021207,-0.8888685359807437,-0.8209409773299353,-0.7058888314865557,-0.7868294688807869,-0.8648863958345455,-0.9703629352970095,-1.1907450712934142,-0.9503835104704396,-0.9272473608901871,-0.3610970671050234,-0.08068903925903045,0.32869274282873984,0.5964719851468729,0.20617521267957842,0.322448614047367,0.15285394170388078,0.53470477055334,0.6627316098040282,0.780391449577489,0.373478050412308,0
-0.1280916974468582,0.12616075818538547,0.20510831268002025,-0.34301167641465574,-0.309245446388112,-0.7896759598229343,-0.48226737148954385,0.03399930180527759,-0.14399565399699238,-0.14194544152929695,0.345496129415473,0.22576319824686691,0.385730084240675,0.14096559530914493,0.6713506733177486,0.4681693924365516,0.12294892690821574,0.34528976482485974,0.8102337164596783,0.6803663513755107,0.5568132068328424,0.6409155558689515,0.704100890102506,0.404331211460918,-0.023159396981988344,0
-0.8877124882659516,-0.7574029884252139,-0.28862934681801666,0.04779309083054342,-0.6300828613384065,-0.30706083637904097,-0.3534491538121445,0.05431390102925263,0.048146830840023025,0.23176264818272097,0.5907355777672187,0.39039012265653256,0.3189786144537332,0.06752062807246106,0.1468598184077291,0.19533712289947835,0.36146939787527915,0.27085463928724723,0.3628052921645537,0.6704694538708171,0.528983721603215,0.2346141266741804,0.38808506021304956,0.4099319416303052,0.2729941896306384,0
-1.3392011996114423,-1.5852972934556198,-0.9423640322398366,-0.6930560084549258,-1.0319017035640516,-0.6749339987198725,-0.6582084514108039,-0.8154045277689543,-0.7518513625063722,-0.15188059019424238,0.2040887714578043,-0.05785051590181353,-0.534753378386249,-0.42263413989569665,-0.4801499759879164,-0.18930863850634558,0.10039289489130154,0.2020383832902865,0.07476979791354937,-0.025264883628030053,-1.0383949224612217,-1.3825555348086904,-1.0998508735187493,-0.987663457755891,-1.3674768896002465,0
0.24439097511571367,0.0816507020392116,0.3265768825745905,-0.053205949291980074,-0.04333179560934512,-0.060017970208599475,-0.2856856822226908,-0.1388475308996743,0.35399410235150697,0.24899428716383523,0.7816915370604535,1.3199508187510696,1.4270406456170088,0.9020135878664203,0.7364242874718163,0.5928126454675295,0.6505056366751129,1.0441524384858187,0.26547513461160865,-0.16569139172078085,-0.45652600571803625,-0.42601266284368594,-0.20496041888304448,-0.31635607096328017,0.5798009596928418,0
1.809726871078393,1.0306261718096916,0.9774123694343246,0.9392984495549954,0.9842818431362095,1.4413830407025905,1.29518209384961,1.1237742775655029,0.8298700049568157,1.5051358551298066,1.1092481028973475,0.8242208472830769,1.602310048043994,1.2702118379662504,1.032450428879738,1.4576761131948968,1.1508244890789243,1.1969564682051068,1.0307798832200443,1.0044906104003886,0.6395605765041354,1.2801458285734508,1.1426930154150632,0.976139093667976,0.3994666307476328,1
0.5123423204698181,0.3013410918450998,0.5366618927090042,0.5740186688911126,0.6203703252159378,0.5113769468283667,0.7333947928661328,-0.03753793621315237,-0.10153322296605023,-0.22230007542332517,0.4542623989663237,0.8216698840978398,0.9281572938319709,1.2904265104933186,1.293267046692215,1.352396225708153,1.2064623023030603,0.9825592043111016,0.48058629587322166,0.5898836506346412,0.5902514732378014,0.8081168231124467,0.6368438344059886,0.6375251901408895,0.6036336005109803,0
-1.5690969509987207,-0.8655206397840003,-0.6086387670516287,-0.8008100543528995,-0.5074534693824132,-0.769985496743225,-0.6077113593464287,-0.9197364262903513,-1.1838400423896767,-1.1526557740858523,-1.3122386268722073,-1.1424443894635683,-0.6477030605399086,-0.2492050504023779,-0.4321273754098808,-0.33705449048430014,-0.3908630119454816,-0.1531992419103917,-0.27181151990430374,0.011243037485826952,-0.3195138281815927,-0.03557672302176014,-0.315427161280214,-0.3178662100391087,-0.2850700273160026,0
-0.7106999077539093,-0.8010051976009633,-0.7212554502641769,-0.27355847924398663,-1.0975793836982712,-0.4296339359053241,0.03816899002731397,-0.18037178866948816,-0.15384039527467672,-0.47435946678441443,-0.16999582096342378,0.09284691011009599,0.2674647289773439,0.07266464781890998,0.23359215439874137,0.22686824179200876,0.11698299627403771,0.028623489028730367,-0.29682278651121946,-0.1394451420647754,-0.19504764794815005,0.2421960398305407,-0.05728982727471699,-0.6738471422274395,-0.40211155689073175,0
-1.1816984352869464,-0.7704333713764615,-0.7487833103397779,-0.7754720652546295,-0.6772320081294388,-0.7228790861970572,-0.8627231196469596,-1.039081411290373,-1.2238105573316918,-1.2025491096479353,-1.009846885543636,-1.0582624292436507,-1.3015698725877047,-1.2241158361756064,-1.0554015696553742,-1.364804971383583,-1.3656489276862998,-1.0034123794811216,-0.6307631449204057,-0.8053546497764349,-1.1587559718114544,-1.1490240584167812,-1.0061445039046668,-0.6492840900089552,-0.7682864230068347,0
1.3822918408436806,1.1402795113082371,0.7090468887826794,0.3881768404369723,0.26152932353943387,0.19566834860080806,0.2548430354996047,0.3973031867729995,0.48100609600681143,0.06159706087168891,0.026874790393560194,-0.18539140092529377,-0.49008171725453237,-0.7968542533396549,-0.8617234470331903,-0.8164129286919027,-0.6521193336365657,-0.43894199468048584,-0.8953053353119663,-0.6247719493948791,-1.1394891562978038,-1.2819828534595998,-1.7507714625516222,-1.6397163965258152,-1.6238199368796953,0
1.1105035733385307,1.4572181855423385,1.537145382349176,1.1506461887235437,1.1244394443168184,0.7179649275278124,1.0541036375601396,0.9544594331044609,1.0438642203488822,0.7397613909990217,0.8268157664862777,0.6959668060077214,0.7880826210363691,0.6795950099344334,0.5938370405282082,0.9678444024713115,1.0436056339093251,0.37795085878354756,0.8338741890853585,0.9932116902376925,0.9974979366216821,0.7224462985786119,0.4730741368916493,0.26555327409547447,0.025708591831522284,0
1.0021496534141299,0.880520198575013,1.0820031358371072,1.1222543128707785,0.5617527017899959,1.0578512485738032,0.703573344349637,0.7526763072600168,0.7530567524122465,0.4395525515256341,0.1604160461827598,0.6079220612783824,0.2637314398047796,0.45735451645981473,0.29259585549584993,0.22046616075414,0.1339966205775123,0.00338274523382405,-0.059489329397726526,-0.01576901615697031,-0.02374510575592602,-0.36006911092973165,-0.5111477423721551,-0.3870014346124084,-0.10645505327940799,1
-1.3152810970789335,-0.4378636587565968,-0.6667202644353133,-1.006963366083569,-0.31436458803284745,-0.436280852082631,-0.4898662859447078,-0.48383267675340913,-0.44364921087230136,-0.5031382050542129,-0.10927399512818033,0.061221620298945324,0.18118890803594218,-0.11273488862033901,-0.5209715172965421,-0.46953734529471686,-0.8204703485134872,-0.8291745563883212,-0.8643356688836025,-1.0354674813946863,-1.067701487690804,-1.1718016111423062,-0.8138333143681392,-0.8655674828025296,-0.9531816569008602,0
0.16921952132659202,0.08515018891830467,-0.13274827723420043,-0.41255957159004353,-0.17098068911873182,0.281203022346136,0.17740367489676934,-0.2590330558187098,0.07122876335537143,0.4794583215224744,0.7980916492012218,0.821339858565168,0.8369303138934447,0.2766912676566769,0.3328890090313633,0.2683347950551825,-0.23443256598141554,0.28968558786328324,-0.023500810885058388,0.2708676229401182,0.011123361009368291,-0.02642866241808256,-0.38450849106059654,0.11501163662777623,-0.08983753778347059,0
0.4254999233251827,0.019411900494545522,0.059281686592952694,-0.24387552934943968,0.04394628039079777,-0.7672087260314802,-1.2129455733434449,-1.234971247724701,-0.8639112836900968,-0.8853789663072751,-1.1774389088915482,-0.8160054948732569,-1.401591146003335,-1.5100089293255348,-1.5452764632792646,-2.330067815947065,-2.0571346534711865,-1.4454595038118307,-1.5929933189131122,-1.9074783878631636,-2.19984592017531,-1.9431881216748508,-1.6527809977402688,-1.7675051430057986,-1.4398210862130887,0
0.6512441769814326,0.3110595646629173,0.2293373225200868,0.8180325573429883,0.6868748052985505,1.0646882337643249,0.2508864047295719,0.6384080791068423,0.21095068204272954,0.4963334820367651,0.3113789950353734,0.330608379281335,0.2946094023062529,0.08866483045954972,-0.039262114450907895,-0.10575015206438838,-0.09492225624958187,0.0025301438190182407,-0.06286002488345704,0.13862029904774298,-0.07641992837371536,0.38629650505770635,0.18049804158477734,-0.10086927672894612,-0.3186131146968543,0
0.12415783584651408,0.1670835003742072,0.49649683347713786,0.5611083797838444,0.41783939044677365,0.4113095798937869,-0.13514050484038106,-0.1241546646300755,0.5262373257810218,0.8728222711364164,1.1680913531855115,1.744879965907618,0.9858637059983637,1.340404303517702,1.0383611420444119,1.2511965949644996,1.4831103574824436,0.8922512547419708,1.4295273431512905,1.245328450968123,0.6374212392303973,0.6906870283365272,1.1811087101835513,1.1210926835114605,0.5653425554459328,0
-1.0627718041137715,-1.2822829016815447,-1.556842474837365,-1.3771274140315155,-1.506070438802897,-1.4443588666855203,-1.4077016653882044,-1.3434920313249312,-1.925298375828672,-1.9913708963352015,-1.9429413955280792,-1.6328673954642272,-1.3665784872277296,-1.868902470391039,-2.1155305003822935,-1.5176301060105992,-1.5857727470831546,-1.0259737434411937,-0.5402300520724616,-0.7282414154056941,-0.9363238609160426,-0.6527760052564735,-1.00180501514658,-0.9518884951634898,-1.2053672201880004,0
0.004096787998655441,-0.3292657134914265,-0.26868169788795915,-0.30514413324271533,-0.063380704333175,-0.2573847487531748,-0.1546671221909543,0.007844157275993835,-0.11389755630324598,-0.23350403423912974,-0.10447754300936649,-0.18776160052382806,-0.5068421008285735,-0.605236570649165,-0.14488541968626356,0.2842645505496099,0.06300398592893454,0.2811777512443697,0.36784210752976954,0.09188599197379095,-0.4653866399226097,-0.3156387235101591,-0.15070752733110557,0.21094927923820073,-0.08778874712352092,0
-0.0046143060430202075,0.08401301265264416,0.14003743233832538,0.029920078480111464,0.04693097404145719,-0.31576432711011304,-0.2321976036526218,-0.3211242291418312,-0.12756788165076166,-0.18986832741241938,-0.24541281901513592,-0.7401647609384947,-0.6520405054154582,-0.5237884652988971,-0.7985635772690467,-0.4366614934220512,-0.3097077073339405,-0.021871136456810252,-0.05687989568962028,0.4519631816472697,0.8984329279546031,0.6615827379970742,0.5144414960575813,0.014975792665778528,-0.3453581920320555,0
0.725145143970387,0.27261752719409565,0.3318842204628714,0.5970884038605963,0.5467237723769165,0.6118491780554611,0.5566124962260748,0.5262104847920043,0.4330875150838024,0.8110162432463376,0.8064805306216081,0.5159556609481627,0.007597130868405626,-0.027992461021084165,0.4462587580998415,0.08736667598534738,-0.03858532169939907,0.375256134655679,0.5863572264431205,0.9365661390126643,1.1754595454441348,1.2180887850800024,0.6571899807724826,0.321050010329501,0.2994433124944546,0
2.1252983626900335,2.6126464674094105,2.6812508557395036,2.7473898789540363,2.2404139359369255,2.8771816522636127,2.602556675626891,3.087923117039095,2.8505149090307005,3.032306939866916,2.9456485402569204,2.618509466842652,1.8060409376317947,1.7822007243617166,1.8534052137516006,1.9481765920811527,1.1506898649598876,1.2690576504740874,1.4441487570235056,1.3044280610164163,0.73181640540942,0.7858292398555785,0.7347680698437578,-0.20322458329925594,0.008169135263493242,0
-1.3370456365517918,-1.7905890628293597,-1.4414636938609633,-1.5483827645549275,-1.3991860268162848,-1.5080497848523557,-1.70478029229624,-1.3862485561157099,-1.806807807940848,-1.72492789341497,-1.419972127539744,-1.1538314094498439,-0.7635496659895347,-0.6427053734653033,-0.04483843525898591,0.1056411680162147,0.1310056023426694,-0.047550120730038455,-0.2603728706445615,-0.1368381150653225,-0.4457036639287093,-0.3888382326051336,0.12507791293221338,0.7413482671498406,0.6072892809671286,0
0.4025764116998534,-0.21374743394565057,-0.19799553301319064,-0.4368540350580209,-0.5668165843614782,-0.8878679236411207,-0.8014695059835962,-1.0676996135563144,-1.3519916927127116,-0.5154393762858096,-0.22538937413292426,-0.5656243411837623,-0.38991164622264646,-0.13030600709725793,0.30980173304197306,0.5031889913953045,0.6155938015514784,0.3559129445498461,-0.11298541497926708,-0.22367289694136383,-0.46802375452073103,0.18133853569067485,0.4657270854321307,0.6615120897665743,0.47957546359881476,0
-0.9791455913872172,-1.3038190810161874,-0.7015215662578069,-0.4482257791512085,-0.6360937470998449,-0.6359942009884582,-0.4130545306533371,-0.5131879403762453,-0.5022950405896308,-0.29713967493237714,-0.14849897900007364,0.25868752229248365,0.4439352937272285,0.6009597460827528,0.39940517101242473,0.19300512565183509,0.08812701953550119,0.48733812373233243,0.7491343457456588,0.34591510659668384,0.31227525382363813,0.41164917179591853,0.6564404320680925,0.6554210062791874,0.899635496024091,0
-0.18614462135656482,0.056939284191498796,-0.476789901416841,-0.47639912327731,-0.2906078453060549,-0.5873666030929162,-0.48229086239428515,-0.6232613412087895,-0.020281340539977447,-0.31619336010238014,-0.10388983564434733,-0.36453456165110154,-0.5365415218987065,-0.9524702420384776,-0.5479808066038319,-0.0754348251676812,0.2536963436829934,0.41078882076294343,0.05258997074591611,0.19422744043571583,0.5261213846608109,0.34725741976279617,-0.06936733420727656,0.038004036140321405,0.1617924259457509,0
1.361831826779805,1.2963145526169535,0.9927300274797706,0.34558419239681554,0.26761946723645585,0.780289116874991,0.9832776349987218,1.0064904626588416,0.6037230511552384,0.4137885195649108,0.4294623529980544,0.6822573581914517,-0.06515462663905229,0.10257352636500153,0.3829442981727904,0.25357275006000457,0.6597512541497228,1.2661399657825694,0.841829231312238,0.49723615073004757,-0.10753633273201217,-0.6027786096986661,-0.026829395148919577,-0.7360563234927128,-0.792077450210413,0
0.7092062943474575,0.7448258764067165,0.6325336917820741,0.43480784826522095,-0.22071229486782745,-0.1925274692519607,-0.6354499148533458,-0.7553923825228736,-0.4683481003466196,0.01222648524692643,0.27861179665491576,0.561318734824105,0.6558814397357186,1.1152088877276842,1.332993742539741,1.7557404429421304,1.578270782718298,1.4724880969750769,2.0759401535420343,2.1065617180140284,2.124348687511425,1.9869792095845347,1.8677040078227842,2.3364127819780083,2.3765674854710905,0
0.4200383821293843,0.4195655825807795,0.10754466162956765,0.06300089944514871,0.4581723794445115,0.08545685649855171,0.10969200482284348,-0.5389677897970365,-0.21510845974007786,0.24969607640369362,0.6136602670767419,0.7324085328541603,1.0355999259112254,0.7371869907928411,0.9815882307728785,0.7722483169720994,1.171682302689676,0.9653633809333337,0.7472683073897558,0.8601401856712779,0.9140214677048938,0.28551167364498553,0.36767337146990975,0.15726973099698885,0.17555738550468286,0
-0.9014750273496938,-0.6310800562909179,-0.2522778338284093,0.16543508810877205,-0.5590581493094253,-0.21748288041521133,0.0350148527286606,0.15873421053505632,-0.13284601536217705,0.28487988980821266,0.5623786830422032,-0.07172872100890723,-0.5601484721362686,-0.793686212866658,-0.6970391155240719,-0.712026171232576,-0.11102509502101551,0.05070059672984822,0.40366888807579365,0.6510459452268579,0.11890783453197172,0.5077169819693526,0.15506887232640967,0.018813825187885727,0.180882092242291,0
1.80479206875121,2.17878606463782,1.8725590161201964,1.4658423002707741,1.701904745098056,1.7981976303684624,1.7955121757416563,1.5874564780881033,1.3560758864491003,1.2620052992048407,1.33388614742401,1.0169762752226392,0.9771107292348444,0.7885883715098984,0.5811317874040456,0.4581539189868217,0.5288298239777948,0.7454095188650633,0.9343074293880094,0.5820202322221639,0.4293991151021978,0.5735181560602745,0.560053951484108,1.0351128856521006,1.3466819826901466,0
0.6844513658498595,0.915559508019315,0.8853587351866845,1.2100488589180596,0.8429101126434032,1.0830398170178752,0.5021963482596848,0.6026923131137614,0.2791704313565953,0.2615955847271503,0.34580111598146446,0.5981652330966275,0.2183515215305067,0.2924143356753586,0.5483329392439258,0.34894999198733445,0.22943525670401566,0.0947216360250101,-0.20066973448225214,-0.4082995244865503,-0.6811422073882022,-0.603730711796131,-0.7493048226773784,-0.2673733143986459,0.321653902350865,0
-0.5675560695499366,-0.9634220329504557,-0.938480785862439,-0.7672121583039944,-0.5267399248319613,-0.654600133487212,-0.8178299272828814,-0.9788175647586862,-1.059549059649045,-0.8407365586784638,-0.5419339227354303,-0.8745027457374592,-0.5273467937944571,-0.526296947800311,-0.24182185874221349,-0.3256874427399219,-0.140924919516967,0.27430020082721573,-0.2636960081444933,-0.2971133739451398,-0.8339444031899552,-0.5704367917911873,-0.7481447429462837,-0.6607330524209338,-0.8053102865134627,0
0.3017354780064619,-0.10829572106209183,0.35027866811212655,0.20088804494572898,-0.6116861186549747,-0.31243693863634875,-0.06596877705746788,0.46661358117745455,0.38658317797455466,0.5479617763590022,0.30911404522949665,0.4723732616634707,0.2677885825325852,0.6187210885960808,0.4954092615773447,0.29653207734487386,0.2801079667370498,0.18678973376455288,0.42788526830608187,0.07985511178530283,0.2985211535635964,0.38710073589808147,0.0792414991126046,-0.2638203322021864,-0.12213384871772706,0
-0.43258728077898057,-0.3822869618568653,-0.2100483541552779,-0.6108159948060706,-0.9816058996769031,-0.7849521212696491,-0.8122799725821568,-1.0403668169568174,-0.3511003073142569,-0.3249708333738388,0.259456385761991,-0.11554052744004606,-0.10700565692093361,0.0536790456014485,-0.20306507179128297,0.19895903138725865,0.22091623121400064,0.15404233439798976,0.4580056027114713,0.07006003092882666,0.016217030443241257,-0.14230888100099448,-0.400622339458559,-0.7166695769115915,-0.8477214452034095,0
-1.4470741875372328,-1.6554691115458846,-1.7355107193003831,-1.1631070464432323,-1.350718071266961,-1.4192513964279432,-1.5478922277517235,-1.7339647839774037,-1.6510310026218589,-1.4072473763218027,-1.242827973515994,-1.5009632327136355,-1.5346727596433227,-0.45453873720192484,-0.18336579537678876,-0.0008512557167468168,0.17463729769388953,0.5440519049178887,0.5658845450153338,0.027839968886267143,-0.04957807030789126,0.4525326998817952,0.45692785500469524,0.02370099118000748,-0.1775051521825364,0
-0.7029178280904631,-0.9854135353099676,-0.9602644443164753,-1.2140493972282371,-1.1384964876167116,-1.01178920178625,-0.820475115033593,-0.8198738405932945,-0.48579573387730596,-0.8708616702879162,-0.7291958187733507,-0.8198293397111257,-0.6896204722847231,-0.4189501527909998,-0.2862898873594196,0.06940974379196616,0.4316452789486167,0.7562706726388602,0.7494998147534268,0.4183325245645956,0.42449705803619237,0.7696934859394675,1.004640112918611,0.7774264017969045,1.0398213148802562,0
-2.978869231597912,-2.226816841061249,-2.0656886421317058,-2.138084135637661,-2.158349623625874,-2.2211846526274117,-2.113503313916155,-2.2786849162584955,-2.336309385170868,-2.1674542636370244,-1.7092318223871759,-2.0314952773303387,-1.565478957846095,-1.8105112674905568,-1.7659102294544093,-2.0873885232979394,-2.129589062352607,-2.1000350514331827,-2.1721591073214914,-1.4945793363003843,-2.093101300749792,-1.606095026318277,-1.6623234278638164,-1.4487200453034803,-1.240001813666469,0
-0.6733226373770284,-0.3340702863531215,-0.83408817020245,-0.26873155205679433,0.44052652376156975,0.05849247286545871,0.04882829625529551,-0.07269281039977424,-0.5187561095011272,-0.5805560482483748,-0.6037754344733608,-0.1963559715939032,-0.11512573131186014,0.7669785421236037,0.4197693710401675,-0.14549201111116997,-0.27528663473383064,-0.8020635721513846,-0.571499070531214,-0.5398876658481855,-0.38947635601379194,-0.3795813195472486,-0.9153764165550264,-1.0673514782211595,-0.9268434099345445,0
-0.18560260578621146,-1.1373481617421854,-1.7873689638290438,-1.4138879415974626,-1.5416668855089697,-1.5789683580430662,-1.4402069603000622,-1.7817452040903667,-1.881875685541975,-1.1718833945397882,-1.053313221610147,-0.9168669739892962,-0.9129219392800358,-0.5526747557470604,-0.5789344539380268,-0.7492821806074539,-0.9092523669138467,-0.24843980084705966,-0.42823977346834496,-0.2893529450606228,-0.20563919568496697,0.03560314471510803,0.32724466536518915,0.5541500808265276,0.06592780515022523,1
0.5992326050232069,-0.1490991081533377,0.02833431820155763,-0.01732810227761744,0.2896604849396235,0.3975965095299481,0.49008505423597015,0.45022790602778134,0.4226414803394053,0.6929758101449478,0.962425610136603,0.37261955915061296,0.85954151513349,0.7822366206759206,0.5819784742106264,0.2764172076772142,0.38464670171711157,0.275419692911432,0.22352715679738683,-0.02845690273999618,0.1904039343523537,-0.5373342128952233,-0.0898149800625464,0.2687057128940532,0.24020189932025407,1
-0.496666203135238,-0.5215705040620261,-0.6746782787636575,-0.3975301273762142,-0.9009162168401686,-0.992396968402437,-1.1743593003535582,-1.2266507236794855,-1.0354758788037695,-1.2124250905406064,-1.3223964769478007,-1.114704801811517,-1.0747330490558278,-0.6695512788045562,-0.14168576803074862,0.2944680641385144,0.625630804664948,0.9429067420358264,0.9649384128529621,0.7074380043252887,0.16689529853229898,0.15291734339695812,0.00331227741964199,-0.6500267058192909,-0.7806586568226719,0
-1.0892787739746128,-1.2110981704522057,-1.1310188617430246,-0.7284163614886253,-0.8873472572360913,-1.2530031095528094,-1.1816947006118228,-0.7920575614151046,-1.33934168583718,-1.6666586058856343,-1.418532024338796,-1.4298408166036771,-1.4075356689608465,-1.042724184805132,-0.3437682928199635,-0.1094127677046138,0.11736841690695382,0.015668806901144604,0.1880113222781374,0.03873395177283238,-0.3895314713995442,-0.3040999781462711,-0.5571021196331342,-0.45433301632826084,-0.36777576437587606,0
0.5213335029593859,0.5848138112231652,1.031174283485202,0.8956160431736401,0.7440016636584468,0.7601747729995317,1.069060492195539,1.432768840325676,1.6369355857207233,1.4387419473097542,1.492487098740618,1.7908466957998375,1.9969669208530523,1.7725358357405432,2.025109862063883,1.6441399312547573,1.5314876982779926,1.0361879118105153,0.8216437585924199,0.8106229344764251,0.7545880768638946,1.0092471915461891,0.5234468043050937,0.9152684959877794,0.4121051591925094,0
0.9820581672154458,0.27791874098184577,0.4153105714971756,0.19479831441868933,0.16032334549005933,0.00842771584485294,0.028531049387491597,0.3037188219479392,-0.019117297065122413,0.004542129888020344,-0.033950674201232045,0.0407362599676139,-0.27362932150778957,-0.0763641254799422,-0.2984814937643113,-0.08985034040475018,-0.4042632093797898,0.08734933330341635,0.20117204412831918,-0.09526695424662919,-0.23623814184384556,-0.24840028139423603,-0.12377363925379548,-0.047685037804319035,-0.4664587608909146,1
-0.5550114610171897,-0.40459623981323267,-0.6171159876819559,-0.2230109171635874,-0.29534266573078516,-0.26345570731264834,-0.5338089212813244,-0.782912908154008,-0.5418765677551236,-0.17840028174821235,-0.07191804987643266,-0.5242958450699106,-1.0035475683914687,-0.854828095017331,-0.26574270030269326,-0.1334516616384621,-0.1675846401572988,0.13987442689796437,0.37801249723974917,0.25972445994631255,0.3431496822615388,0.3572008667708426,0.7293952256562398,0.9211711880281764,0.8898295903373084,1
0.56562568381932,1.2916543313708801,1.3458417325700167,0.7407447810738894,0.9179846493983532,1.2015014171567873,1.3290287037609092,1.4732072429905512,1.4920777987339684,1.5880138310717955,1.9557595682765792,1.821570093962943,1.477638101008256,1.3750964397348409,1.378341686811943,1.3034660840902157,1.0513068742372824,0.9704162222300985,0.779149588056844,0.8098618920496784,1.114703035676732,0.8888021501204314,1.1803597165496338,2.1870628010590614,2.0414688921585356,0
0.10273996466931631,0.1253648575618525,-0.08227515320504808,0.13916330551917755,0.15765671074534854,0.31581563495955195,-0.25570378908056657,-0.3230378025600569,0.05154890976042535,-0.09469530923168118,-0.5937439759550985,-0.14831456181298058,-0.26228791713653743,0.0657823441964529,-0.06641147418670379,-0.21283927289071705,-0.3733715352957404,-0.6964050965014907,-0.8423775645949074,-0.3981285260297033,-0.8802770880607297,-0.6078039719981755,-0.817407594802647,-0.9573059690042356,-1.0212412832953168,0
2.3459439785508733,2.213437837751397,2.318051349856903,2.3279888894788114,2.625465417855877,2.1011589107234725,1.934827344140655,0.9512153222026878,0.929652971490849,0.21682312122946218,0.4702739668343021,0.3828046621954303,0.5319129228408414,0.7688408509682315,0.9493063229639027,0.9595893433200353,0.6521286037102745,0.2835003824087798,0.9828550145202918,0.465486584397563,0.10791262606080902,-0.4535676701565696,-1.092737101222819,-0.9360574350884887,-0.8373478415348842,0
0.5401292546673173,0.8401008955118007,1.006054703578727,0.7773348700738147,0.7270047574926245,0.8533144191057979,0.6316407442926377,1.0183028739789017,0.775267312161688,1.0221342579653432,1.1413565178169112,0.6252562672444489,0.6599051360997757,0.5368117438945933,0.26759286785851366,0.39002283066657434,0.48502018017365606,0.742319306073016,0.471358714239806,0.5563602133524085,0.7114819317515053,0.49997057368587305,0.4220708786844818,0.1662707515416955,-0.45071161912448143,0
-0.3548275641642093,-0.6449523542503959,-0.34584125896015283,-0.14203649328061357,-0.060660482107303876,0.13030925549979347,0.37244689155419936,0.01973388897915524,-0.06454939032074604,0.16444744149370719,-0.15859911080618075,-0.25200273611035817,-0.6486760935400985,-0.6680993269109761,-0.8065876304732573,-0.768286321039085,-0.7126506443384503,-0.7651409360226542,-0.8226561834585044,-0.8528729204683395,-0.5896670652742191,-0.34033282849430296,-0.2655857177930966,-0.3099234309676928,-0.23849589820288014,0
1.9616947115685104,2.246181264882082,1.7914404890726578,1.443689759510847,1.8610308690791502,1.9687781012342886,1.5569188254659898,1.2792114118346962,1.030679722327837,0.6885794862306989,0.7600381738500667,0.24452405280374825,0.33321185153082605,-0.5072656591796985,0.06141027867238951,0.378055362347257,0.4788795761673038,0.25466983386584247,0.018262289850768366,-0.1475839647529828,0.14230340637278072,-0.7524980189403487,-0.6891028971424871,-0.514894892463466,-0.45727659488202865,0
1.6624496836891314,1.6222949368264588,1.5719735523214944,1.9723466634381956,1.970474160038307,2.147942845817204,2.149082301925966,2.162728934325296,1.5342092567616785,1.0764065621850567,1.3586775413607504,1.5135012286740193,1.4392300983009831,1.5557641375774602,1.3751249844129914,1.6588226916263333,1.7798875470828606,1.2336254760944136,0.8583457163385931,1.2848175870133256,1.2489646003497543,1.1919133957339014,1.2398945175662495,1.1198492699749738,1.1424683965537954,0
0.12189807701735937,-0.24900787828931717,-0.3441579914772088,-0.26549790179985877,0.0015498665847208989,0.01922821825597786,0.2845080119039172,-0.18709588400109847,-0.1680940850559246,0.030937273646836454,0.1436106693875323,0.1681857244878203,0.09727396246292538,-0.21006276146195543,-0.20102727193891398,0.015100937947670064,0.27417693646742436,0.26695544777905617,-0.01734330673908729,0.27538035632480085,-0.3412702589307521,-0.763994394855677,-1.1435495269657345,-1.7249373929464233,-2.158882294068837,0
1.0737237234362906,1.1715229905839355,1.021544327495453,1.2103725932293612,1.631576834934101,1.16575645587402,1.335024760590416,1.1635733303104938,1.223259927508215,1.269749380960766,1.5659310943141,1.1485647895985536,1.4003179362205675,1.2710476236305095,0.7965117568036026,0.9605598051164561,1.012939804923505,0.5232258650151229,0.40068913927306365,0.5553593853085363,0.4879571687466137,0.3955936764374693,0.19426014790698767,0.4518361607839031,0.41668739376329234,1
0.99302009187662,1.1219395458355923,1.4857859683296402,1.3715206052313569,1.1512653690592773,1.1035110183608008,0.9798078591004318,1.2253993359800484,1.4383101649350427,1.0484479474795394,0.7401952707453276,0.138333894147884,0.46328855704404576,0.38612439336730947,0.6588416044225346,0.9326710308829026,0.6147629336710309,0.5822630001965322,0.5768962121885789,0.46510515285883886,0.29947755236047957,0.8117419639322455,0.526565815140387,-0.045106994051260875,0.19788040523023226,0
-1.7909165095394686,-1.8164051538398653,-2.394305919252834,-2.6405073617903363,-2.3342140686832633,-2.2942580798419923,-1.8031923814646258,-1.8876819185194627,-1.6534726010945293,-1.8554567823442536,-1.7013143651833815,-1.0206298451281004,-1.163384837986905,-0.9822221203870791,-0.2992099752863958,-0.0879890705722635,0.32365415641538875,-0.07863203130734284,0.23822182652195778,0.15779278843480898,0.3462292941045631,0.7285413235923811,0.6437763911254,0.3006656967013712,0.2412664000530836,0
0.13863919483984372,0.4965091585096671,0.7459769560274809,0.7011908321371425,0.77502732503986,0.9109655885023652,0.711942215965345,0.5650918951907061,0.6529381480100226,0.5364730557156806,0.9422701746818223,1.0882158881461255,1.780725144576952,1.9823743571872656,1.4419169806387755,1.6993612956726907,1.771077046005069,1.8245212181701367,2.1963850942956356,2.356346931583973,2.25855303114792,2.071486024205101,2.4455615535383313,1.7162136421381533,1.8365773613116603,0
1.7232200619831721,1.999020086590674,1.9703260699031668,2.205346168790387,2.2818770746733654,2.2508150337889625,2.4816609619683283,2.3277337811939462,2.597706617492606,2.139149307180333,2.099207401549676,2.159712032084076,1.7313528796092197,1.6244180191084052,1.764508823282988,1.92040164878938,2.009263827797211,2.2043059574060666,2.3355125263000054,2.0092017313623205,1.7949266105099875,2.214401387998376,2.3036607743921387,2.0197147323831723,2.476428948479428,0
0.9433454960305878,0.6012587599835446,0.7767174787777956,1.2721776577551802,1.041599223856275,1.1166275007359525,0.8304403661481965,0.7871427463226488,1.2174434323684278,1.170477316771903,1.1969469761226825,0.8389577629312026,0.7365009928913585,0.5486862605396154,0.24625850917422878,-0.25983851371202443,0.17760759496255146,0.5124663815396517,0.3898359752217081,0.161704634952988,0.29400387608634876,-0.15870454834618433,0.2904067983830212,0.369467021164213,-0.12774710052525842,0
0.8301569711714628,1.0677977041040358,0.9625894173237124,0.9314062867221994,0.44546200846401574,0.6179713679137049,0.7680072249390764,0.6253942162385556,0.3360173338767962,0.726866920612739,0.5235459038970466,0.5391336111869723,0.5500355029265885,0.5858503083194058,1.035078184988311,-0.12138660258340528,-0.5544190362069039,-0.5780891470498637,-0.8009659106679851,-0.8163262951128581,-1.0876680324968981,-0.9221611328044825,-0.5379171402453619,-0.20192108266925357,-0.7632984310986073,0
-0.2105012814649057,-0.18198564885287338,-0.31648140192156676,0.21870195036707982,-0.173025256969903,-0.6144948933649419,-0.7511897104568935,-0.8473253347692706,-0.7830509625092641,-0.7637838163872975,-0.6454308632148753,-0.38847375251340616,-0.23053127337213628,-0.31775876069981096,-0.15904907062031468,-0.22046428760894182,-0.6513729343223708,-0.8000991123665024,-0.5934089338878721,-0.7733481423574202,-1.0536862605643542,-1.1682692669693608,-1.083599236476485,-0.35464685792275125,-0.7118036484748729,0
3.8613963039868495,3.1435975094721704,2.8311438762629035,2.349001685165575,2.294339662150671,2.667341388445285,2.554916993449122,2.743463547242377,1.9851658152902563,2.451247990536484,2.2955545791956578,1.7992770308231167,1.8389789905341587,1.9267892389527945,1.7583351257960982,1.2796090272818674,1.519160836466257,1.419188659387638,1.3833980684469964,1.195576868559377,0.35434199846117853,0.6101651619031172,0.7380450892575126,0.4965098546396252,0.0011184992519071082,1
0.05693403732246123,0.03774287952303509,0.1301919744915715,0.2123104742546609,0.22377181070361984,0.41344614037822075,0.2352943749176505,-0.27845147582971,-0.0012334496767067828,-0.4021602575871218,-0.7969260259229043,-0.28454112262086134,0.10038618807902597,0.286634831486287,0.4197189520944333,0.03170827646465013,-0.4830304114938667,-0.3685265189659604,0.03443113453628474,-0.08304144117412973,-0.5975750563886999,-0.5797787783445393,-0.3098243967801824,-0.3820333697541329,-0.5052855648988066,0
1.6388816944031703,1.9048490512805136,1.3345979454302865,1.2764197495365321,1.2623762612240201,1.6250011748104642,1.9416414336151344,1.9638394670684678,1.894538420131607,1.6247581286584203,1.3660405366391941,1.4171960851945211,0.7215141743883404,0.8236911178863747,1.0132395329413302,1.136034149043653,1.2588124856760592,1.4754822026175556,1.1606854413513554,1.0789209172775585,0.8347461084652579,1.183667044557248,1.1685483954340934,1.2339391883341002,1.588097157671112,0
-0.631662146698202,-0.6477897148823997,-0.7977859889374402,-0.5669783193805105,-0.4678957638204531,-0.494700830594642,-0.24060774270713664,-0.5777392144081399,-0.11237121382112904,0.09149306271107904,-0.12630355065771798,-0.18041109379366296,-0.28013328347261857,-0.6407744372939737,-0.7851735831153723,-1.330011072739989,-0.8779118829231891,-1.1589184380472342,-1.084622486445475,-1.4520424991180747,-0.8151112226494961,-0.6043928713240524,-0.23933769417973405,-0.4582448360326756,0.2987946948429327,0
0.7169618668496243,0.963850752281153,1.3459559370233827,1.0866019812535836,1.0241414305800134,1.2551993822368017,1.5796554527263404,1.3402459890231508,1.4860708176779422,1.207251319122434,0.8633520672818706,1.3256417048774478,0.5990118251050703,0.7516503685137128,0.34850914853698267,0.15898718590208233,0.11301841381724863,-0.05745858643352805,-0.1740298072538255,-0.760399047593945,-0.6388203399900615,-1.2734521748829588,-1.17484892405412,-0.988883348100994,-1.689514442104951,0
0.8888232954998575,1.3753545034402836,1.5046818909600166,0.9616160343547888,0.6866672481903544,0.34595208396017235,0.018195484383597065,-0.38368583108657855,-0.7460104126945283,-0.9124263611215174,-1.0872289570563534,-1.0140545025245002,-0.9466292379144723,-0.9075418674471892,-0.8143514837778827,-0.8554781010241258,-0.14239339157524755,0.05292406913421584,0.7135833742070427,0.44487626624618715,0.30318255227815205,-0.08125223442378905,-0.09810382816413045,-0.46935058063258017,-0.6579748402543757,0
-1.604133019670044,-1.3881982091965501,-1.7905850812720192,-1.9463892939946625,-1.8731410289162955,-1.8648361581955375,-1.8475575052564688,-2.4073307103840387,-2.439730397116909,-2.58037813906647,-2.2291135665688997,-1.817285851023324,-2.119553690198609,-1.9809738515796178,-2.316890681941748,-2.2224350474287844,-1.5765201887834492,-1.5353385124671621,-1.4415311782486673,-1.263389622946114,-1.2034060272661566,-0.8726282113477629,-0.805199128261234,-0.013101233687878154,-0.30449030021344015,0
-1.9836835076390344,-2.0089858953917648,-1.7471006014757604,-1.9730636669407051,-0.9801364573372954,-0.5683864206340433,-0.4778995537290332,0.05418407160787653,0.2228644977448569,0.3020771879507851,0.580234236620216,0.2507436957963204,0.3101460751021624,0.0024154719377060957,0.16866756636422475,0.4094228747432243,0.22480555599840235,0.33006235277022317,-0.07871150572790389,-0.3316234206523351,0.1402294451590145,-0.08334806360485085,-0.2925334478946671,-0.5253283475843077,-0.6096530880271369,0
