X0,X1,X2,X3,X4,X5,X6,X7,X8,X9,X10,X11,X12,X13,X14,X15,X16,X17,X18,X19,X20,X21,X22,X23,X24,Y
0.21495159742353553,-0.22654693573717355,-0.2699524899663624,-0.2575012932390839,0.10002318340380256,0.4541450431117995,0.29940794954961253,0.47277738304687456,0.08549713928034972,-0.041551006637178034,0.014683485598735543,0.19244292701617535,0.1812100962828343,-0.1767127071643369,-0.8275946660246942,-0.44654657113745455,-0.43278245862770126,-0.5086348260585449,-0.8388357293645721,-0.8220067565240794,-0.7255298229000227,-0.5703001413305282,-0.6798905915525595,-0.5944431772574793,-1.0967028478367213,1
1.8677468607431589,1.7914031770193972,1.7898990614688914,2.41113657807071,2.349561737806315,2.0634577460015473,2.0640823642152535,2.1991447954568364,1.737370773597135,1.443793598137236,1.4115683194402011,1.4999200579140535,1.641430876773639,1.595681576548157,1.6808326529144482,1.629260225108787,1.6255823009099806,1.5168562682333142,1.2253132647303304,1.154437173404056,0.6189062772121189,0.9700467218511727,0.8801973879306744,0.8073910331153192,0.7914239676728836,0
0.5860771336527926,0.9116696730598775,0.6021057794465926,0.4399533911064497,0.3438915770282652,-0.30703444298094096,-0.5263631595496948,-0.31461081647745776,-0.15814215651093344,0.10399661602940379,0.7063204195384547,0.24626174808431445,0.6517047344336244,0.5083748706115546,0.4646654198040496,0.36675437720877563,0.8192041481900052,0.5244113053767203,0.8615913485860628,0.5644618918678728,-0.04654332392295587,-0.17011040851299453,0.14646135915613717,0.16299287920736644,0.7472697311849074,0
0.21658630731553163,-0.13001157639560956,-0.2358617943107611,-0.49077596203241836,-0.2308763792887618,-0.2139835558856237,-0.33418299725711137,-0.19114131083303154,-0.5826228313929058,-0.2910334254736895,-0.5255742338878856,-0.4593602364708444,-0.9905846631526272,-0.6216757182228382,-0.4006159805210929,-0.25421042281677864,-0.5817003136518015,-0.8438257073595516,-0.38255131045659746,-0.15465855377221993,-0.40349087594751337,-0.5218487764003383,-0.4494195190025052,-0.7755310003947784,-0.7014018110660191,1
1.0582393840638962,1.1139426829808876,0.9220184066208421,0.9943356468390593,1.0015178843410155,0.8322480812192155,0.8795024104456659,1.1808715674102608,1.2142132467036497,1.4619625391485431,1.4683532434684259,1.6125498328490269,1.7873717304597725,1.443233986611676,1.909835214083084,1.7497953331031515,1.5226528525732932,1.6880575480766375,1.0476384671750558,1.2572266053035412,0.6809095387309401,0.75826385123806,0.5830587650641101,0.24848038790347698,0.15088773518240658,1
0.7627529450436304,0.5912046025872301,0.9879909752705383,1.2678890298384469,1.4499560641310665,1.2413336953176826,0.7823425247875979,0.8030307825763068,0.8332482142826394,0.9179380234526475,1.5015486722098594,1.5813004730550313,1.7873157877811976,2.3008647842638608,1.5184001178574233,1.7158025788269677,1.4197437075740627,1.5744032515001394,1.6654370049361298,2.2010491774422967,1.993158665710383,1.7900603112169922,1.7425403977747578,1.3376525462511824,1.0539619454915339,0
1.414226790559118,0.6057514602771239,0.28074442241667724,0.7559817809329217,1.2198187915885808,1.6809643091860447,1.5685921570409385,1.553304158990957,1.5021481896326898,1.78402946786594,1.2865539427527766,1.3943154388851076,1.3281744276849234,0.4635594558615871,0.4505713288204613,0.7981797226463487,0.623879693706194,0.628978925682285,0.890015843830297,0.5325272267840933,0.2905723153567808,0.15619644303665825,-0.2562007062781675,0.037687696955380906,0.05034239193235132,1
1.0573862833370284,0.44742645079521615,0.32466302746797393,0.0920844706254424,-0.07290128440187799,-0.21907091640625728,-0.5420224494064829,-0.03952610183442895,-0.39460040866751206,-0.4931707438188627,-0.8858735120114619,-0.978140503886256,-0.9047006178273653,-0.5284139718045605,-0.5691946094432284,-1.0988634023670514,-0.9396470263943564,-0.9480838541647783,-0.8542810149350626,-0.6849774679640904,-0.40364247549882354,-0.13112286422639519,0.3839916087658025,0.02640011010079468,0.219102228891823,1
0.09841632573795939,0.10973177299659664,0.480756035499498,-0.05789151981344628,-0.23863706333150675,-0.15102693836367737,-0.1962876152222801,-0.19931128934598163,-0.4894867829185713,-0.16731952673282263,-0.43075781833774424,0.1285240233110651,0.388563232657096,0.10746398151322184,0.23697353585157266,0.8058940909468683,1.0198925648029613,0.8461425802544333,0.6889572956949309,0.558272259704759,0.3150779926398703,0.38486890498637855,0.01681875545624715,-0.23259188525989774,-0.15499715945649656,0
1.5200800819995377,1.5113574714961753,1.258803145605933,1.2059144545162321,0.647567613866017,0.46183440763812444,0.7908064060792512,1.600905870226679,1.5803738557628124,1.4632654120809492,2.06230831289781,1.4955698856816726,1.1244285384035453,0.8165191067462712,0.3752657552231975,0.42329148247203924,0.24445368296041173,-0.1865681741201571,0.003265672747938075,-0.00352621118753956,-0.11835302525380724,0.04176369621933359,0.2846422707683173,0.21587202564721167,0.3625194188003694,0
0.3873996112435532,0.23526112834655064,0.21184012158969076,0.3508883160429423,0.11971485139663587,0.5968051944644002,0.6248109053550867,0.5822866068903481,0.09849566416988535,-0.036893899276367124,-0.18364913832269597,-0.4426254718661336,-0.7067898763812289,-1.276379987736155,-1.1981269663081642,-0.9698764939949449,-0.9682133582822698,-0.9106869060384147,-0.492601894657836,-0.3954213287140209,-0.7873188945969039,-0.4696329589153956,-0.5372388316412292,-0.657985010385732,-0.6628052235211954,0
1.7381589383649914,1.157326177489063,1.1681275991018902,1.5786711904307311,1.8698835666323397,1.3541303238857727,1.670063174672194,1.6285996951486694,1.5956265741504838,1.457707877261952,0.9953587166643381,0.797281364018522,1.3401866178811603,0.674689091972657,0.5175830377141266,0.7327060983657879,0.562755644777708,0.6408421358293994,1.1033958940998492,1.0703529151522908,1.3782952283358088,1.6410829891117142,1.7892310715943425,1.244605869782756,1.5058179644711907,1
0.17585860509076806,0.5682042637505992,0.494547257417789,0.308067852080669,-0.3000835450127026,-0.011890851975875381,0.021941469728228004,0.43695716972056625,0.442626794666695,0.3936888222277052,0.45839030665820524,0.8942861165993997,0.8098975710423192,1.5405326132544492,1.206896517118992,0.6820516219309398,0.7770727678684128,0.7879199710984105,0.919170584279227,0.7639784979696788,0.5649460069354967,0.4205188151156636,0.08003253458278933,-0.220009831368349,-0.6618280335742527,0
0.7002707954209189,0.7841705925713554,0.9205446342541362,1.0927545506818024,0.7952291775689588,0.19041722430375352,0.09261501798590391,0.27290668752388964,0.6127681308591967,0.747393378719695,0.6661092538263493,0.5994888885305202,0.8087183708360305,0.9783712157152323,0.8669617900860384,0.5530562146779023,0.1600551421418882,-0.14052461960995438,0.23590319007515986,0.16327539973640248,0.5745195002918734,0.25450130904956036,0.33425478806453074,0.7455611752652683,0.2694975810840321,0
1.3904067990982785,1.5850660171326194,2.00363641788396,2.605010787161273,2.663521527741953,3.0387797172958977,3.391908199554623,3.3459272113731497,2.933571511962582,2.3334623397674563,1.9534699939550024,2.106555509663468,2.33407246987091,2.115896597863504,2.112033617346666,2.2739505724588724,2.224086389351982,2.032121792080376,1.4838586116832788,1.1714510176054314,1.4092390800328254,1.66862511843625,1.006192365787925,0.4081754902501603,0.0631304472068751,0
0.15862962514206114,-0.33749451063770286,-1.0162839420337277,-1.2568749090757243,-1.1299498334365028,-0.9475871957771359,-0.8824275570342839,-0.8790232989927735,-1.1613155677041456,-0.9866690055202935,-0.7416378445217809,-1.0168795273096483,-1.4101037940370444,-1.4759788058723167,-1.596010781615343,-1.005487014470329,-0.6820056111013321,-0.5528185858897696,-0.41471513901030344,0.3576184968071115,0.2650549191057321,0.5968182854999147,0.6987286082926891,0.3188316740639763,0.32200012201895273,1
-0.7660555966418444,-1.191641311833304,-0.7725539029736261,-0.7055475076003864,-0.8876880839758287,-0.6164656566063544,-0.6335533911783916,-0.7736635661914848,-0.40958824649746006,-0.4238830548494448,-0.874541211517261,-0.7226810777847625,-0.8035372947528228,-0.469842471003762,-0.4722862442820144,-1.1080717041236765,-0.7246372131711577,-0.905791584612235,-1.2487290141649585,-0.4850750599843143,0.03599392152451458,0.4462652251193506,0.4681709462783299,0.01739748418476002,0.07566059715902401,0
0.3069304686826279,0.5814237779358798,0.8882206437579554,0.7902209776205138,0.8827409816948573,1.0481757164825458,0.6746493806563792,0.902107920912372,1.0265459755412614,1.2624068531608093,1.273106643729345,1.216279669230462,1.7359433309137078,2.3829156230310606,2.498347125145475,2.093333150772123,2.161874947421668,2.174676425010971,2.2692721065568557,2.012725566327955,1.640287270431622,1.649596610694395,1.4793856977342539,1.7658539713012062,1.3174773637851627,0
-0.8802326584095801,-1.1501264040935344,-1.5830467677263633,-1.473839754951755,-2.1302460968264247,-1.72902124089244,-1.3533833258995012,-1.3825991327768898,-1.1208711791799724,-1.0996466594069803,-1.2319532097205743,-1.5870514880659268,-1.4845441020483283,-1.1122077616183432,-1.1263536078102994,-1.8169284224767757,-1.9235158696488064,-1.9118622788050834,-1.777901065925955,-1.6373936929955362,-1.9001990099910742,-1.817197810647464,-1.0293328024801067,-0.8922656165924788,-1.1226688168833467,1
0.9391625387721974,0.4902463087483085,0.2652251947076041,0.16447191488871282,0.30346454232453424,0.12801313656931448,-0.3698711739833616,-0.4369338760576207,-0.31498336658928866,-0.024539614061055384,-0.35136487042468234,-0.2515130642251419,-0.02418978901909137,0.39078617613133215,0.7386734947864502,1.41321642707675,1.3059419970561992,1.2021467554061538,1.2313654324377854,1.0066215112177115,1.2580068434108946,0.9803506342231942,0.7837568609550157,0.4553460468295387,0.2663301416415595,1
-0.7926953670662271,-0.9925279440170498,-0.7098420819297404,-0.5448732273575593,-0.7806525572857468,-0.5609068824561325,-0.22753005800232995,0.10930343789447584,0.03292244095518465,0.4296536614982476,0.0116977883352333,-0.5575663040266087,-0.3137758287467301,0.31120069982458853,0.8357374483971326,0.6034590687759597,1.2563730281706542,1.319301461338772,1.374767011977812,1.3454797047498024,0.8230093807665209,0.6998204401007514,0.8926135204955515,0.9109383408810553,0.9886389051789132,1
0.9405050478858658,0.5488905203258676,0.5122319793515162,0.10960422082775889,-0.14498904932819795,-0.03568430303962156,-0.44149768747261614,0.003894684997605813,0.4021913775382964,0.6088269148366697,0.9630465344932391,0.3873773937857025,0.36687371772467176,0.3458542843346707,0.3486281761841044,0.20290173112790622,0.935103896327468,0.6548186950159485,0.9966500044758173,1.2482704284348887,1.172890576341502,0.4439297485383821,0.60782108185428,0.6096301110135536,0.23208580566855733,1
0.8991625104042985,0.09848250119564433,-0.2895169781643064,-0.3871134074071473,-0.6959958262091581,-0.870687471990892,-0.6782303248443087,-1.0073579125905314,-0.9259472715584838,-0.9027525801877351,-1.2298375856343582,-0.9786886995724436,-0.8153831864859018,-1.3347456523829098,-0.8711284459285229,-0.6812166114282081,-0.250550446287512,-0.5725655895268005,-0.48867122411813185,-0.7075566235769788,-0.20668187444545544,-0.10224474414981903,-0.32914633264624094,-0.2907196640950351,-0.18049611949506922,1
0.979185450667345,0.6237796528439676,0.8135642858319788,0.7791395200426501,0.42732221484338967,0.2833999268461095,-0.2982498236748835,-0.7097828051215401,-0.966558625840858,-0.9859945164536509,-0.5439306478440696,-0.7327017326036237,-0.20197928696715994,-0.3695936823735039,-0.17279163510701184,-0.39028693695537375,-0.3815380635044795,0.07366214149910522,-0.016427314133752924,0.011901432036908133,-0.056572964958746405,-0.29938804763198484,-0.651231156444723,-0.4930780243567066,-0.47747405036024054,1
1.7931840857411259,0.7469337595312032,0.2404240696504722,-0.41007510314452456,-0.644938175953635,-0.6022408249930209,-0.6733633295005899,-0.59897820644269,-0.7159491867429688,-0.8141301850883663,-0.8799351362550535,-0.8838848332991117,-0.2227797811818762,-0.17826485533827632,0.767753019018439,0.8696113710106868,1.0572385106698508,0.9000232533679311,0.7194460933948901,0.17398076205152385,-0.006409366172180873,-0.41264713930688357,-0.8482569461281662,-0.5766014291741429,-0.6853718030059066,1
2.2356393868525535,2.1612264453571752,1.9311561983899455,1.1970000070292135,0.90663070574156,1.5564128704519016,1.2902445882231952,1.2600089001800394,1.1635746985446664,0.996622460156999,0.440719405167492,0.525018086969514,0.48800167766898167,-0.06166970583276398,0.30519003303788866,0.05756192054250535,-0.46139715962490974,-0.39545005151834484,-0.36348350331661666,-0.3177290322608167,0.3389223710993474,-0.20948987379729664,-0.6644557710851469,-0.4026503018020557,0.7445520515782772,0
-1.3392182325942383,-1.5214967909774095,-1.5879682750367146,-0.6052598069801632,-0.402332224949768,-0.41242835211311707,-0.29216305857300745,-0.05422840528938048,-0.6656709216598615,-0.3961998407770185,-0.8846759642008645,-1.0775045610505112,-1.3100230780350874,-1.4515177812310935,-1.4713768073824336,-1.4514565387795206,-1.2330158203184833,-1.2718797245879812,-1.3011271273322003,-1.2271684214323846,-1.1397611483421013,-1.4077275586838145,-1.0605877167495088,-0.8437307674666985,-0.32327070833562144,0
0.7426538397638236,0.8708214710922916,1.2987920654259768,1.071913681712537,0.7848450927673781,0.6328689055681191,0.29141898075194445,0.1309188301486346,0.19524385090341217,-0.40899497550216507,-0.7938110735684419,-0.47761310199322476,-0.41646010546662554,-0.3025323285831064,-0.4468512856129335,-1.0703806990417408,-0.8827784652118147,-0.7952229441715813,-0.3498412482162152,-0.5155482168373827,-0.25698950991326597,-0.24923873126381593,-0.22079681022529601,-0.9287237320047415,-0.8731674393597494,0
0.4192177512707294,0.32697372192130547,0.4105709908692905,0.6876004568498635,0.2536781680856433,0.4206044909669605,0.24136621474241282,0.5342219129608965,0.49009410194500214,0.8831421313779125,1.3466019265138875,1.050154169681582,1.2199402602056364,1.1085800062946316,1.4472396794653022,1.5542885225141987,1.7234400283065665,1.7001245613588618,1.4792238018433623,1.833093291648317,1.5917880172778358,1.7746213513677336,1.2048290292721378,0.7954959648682864,0.4857156359814435,0
2.231893450908623,1.4010675076892767,0.8002635923538024,1.0910416878390072,1.1539143872344024,1.3969571554535598,1.4548319532666762,1.5999969544078823,1.759817411664632,2.306966570287806,2.2626264149005224,1.8087559484347793,2.113766570853743,1.902539884712385,1.7699255453318037,1.4432275600643334,1.0686599750245773,1.5807581048774932,1.5797618452409048,1.7759290698988706,1.51608867115877,1.0605465220418444,0.9041047188141632,0.9645738099067283,0.7867257845281312,1
-1.5767068587366377,-1.776392730769554,-1.6925283253607366,-1.3817370380081373,-1.1472366498873507,-1.1996716595715629,-1.3090138422446471,-1.188742904547178,-0.24137577160737556,-0.33024726286841793,-0.27067498355077074,-1.004675979443525,-1.3511073382822516,-1.3115890300410937,-0.9392088815307753,-0.8878158628454202,-0.5019630487735129,-0.5950852706727215,-0.16604950685398806,0.06459726969827381,-0.048062708606140876,-0.2113366544565099,-0.2786492184126474,-0.35731204981753334,-0.7146800687496005,0
-0.07184272034826626,-0.00197540003655967,0.22812197149322572,0.27352938123297643,0.3681977640271861,0.811511400977231,0.6476995968643152,0.7135940447538208,0.5889057212120875,0.24443844938551637,0.2519706830914677,-0.08193677148744039,0.03614147214686588,-0.06509525222419114,-0.13762410687044788,-0.10446329508969308,0.30423225287532357,0.38964422477116223,0.3803426963128477,0.7506124605528062,0.5592376100359124,0.003336870362048083,-0.43277932302313676,-0.2553429160810863,-0.3942873570381751,0
1.1822390264267928,0.6531700317657189,0.4987174309795569,0.5447469273383904,0.6907246244885108,0.558005987006052,0.2276803301069671,0.9015025516215561,1.5665492870719293,1.409149682661263,1.541394829883768,1.6543180308647611,1.4850540041091576,1.4901684894169143,1.3593915401702144,1.4012826107417213,1.8241281527157411,1.9606697062406773,1.7380095822826889,1.2713702997050331,1.7469425274717454,1.3906308034825774,0.7411097883409059,0.35681053468394136,0.5019166367020399,0
-0.9181909896079966,-1.3157133381029082,-1.0579279408065498,-1.0268994211928308,-1.0320749683101624,-0.8837466204076917,-1.1348278378438628,-0.7850537024165101,-0.3547536930781021,-0.2287346617034963,0.16687919220163194,0.37840730222425806,0.24346874049721498,0.0980263637023769,-0.055641701230685306,-0.5079566468585086,-0.20159850250885808,0.11797318238864168,-0.450210624150958,-0.458054440036627,-0.6943174813242357,-1.2483583646119947,-1.2529860447551648,-0.983334604673538,-0.7181138092307688,0
-1.2882142613001883,-1.4963701169892234,-1.818048527405921,-1.4872126497872988,-1.305054649245251,-1.7005386576929489,-1.652052548666017,-1.9352387529439241,-1.582964158030694,-1.5505565738010136,-1.1867185793921975,-0.898990559365253,-1.168321603111916,-1.3909771096756949,-0.9999302081847181,-0.8825255223382242,-1.271519507289314,-0.9403575007759135,-0.79153988018847,-1.1599989388229102,-1.1223489680309142,-1.2227275465702707,-1.0758939097001705,-0.7144369203620954,0.012246977474652898,0
-0.05841441472492706,-0.31014330086453473,-0.2011372187039876,0.10246221979932602,0.14054665429320415,0.1338103346246951,0.7561952409818711,1.4343623606179619,1.5089094574733377,1.3130560230551263,1.35253640924359,1.1351121157395887,1.223599648901211,1.0324908217126245,1.4272330224518455,1.5123198753504885,1.2880765391512534,1.342885385824714,1.217565760073028,1.2306520667050682,0.6441914915450516,0.6328348197794215,0.485001695115512,0.27314601880131373,0.08298720267584034,0
1.17025596378333,0.9557475946403572,1.2341495855505866,0.8486646773515665,0.49857934143188354,0.16574585043411924,0.19707220893535268,0.265005178293759,0.5117519820756595,0.2944572900077129,-0.11577973014444741,0.02548099377942727,0.3808203297084769,0.6773607461461544,0.727203801114607,0.6329668295909525,0.6210376696948374,0.7821242636792253,0.9213142171072228,0.8028346081576581,0.9148398993699344,1.0320377638355778,0.8586040107095271,0.46851888565670635,0.826276492225282,0
-0.8523631146357751,-1.8685684580748236,-1.8551048614682861,-2.1248787021270923,-2.097652758345808,-1.6099156006355537,-1.2990304452560395,-1.1475973505336234,-0.8316583283175074,-0.5467734523694873,-0.37011496203016847,-0.04480815595244132,-0.23563393775479718,0.3645050023405113,-0.11089282074241617,0.1315497355888488,0.009959780398620707,0.12925883559273618,0.5058453790645128,0.5088790902173239,0.5614010186895191,0.07566181502779483,-0.10424707471022848,-0.43071405775027743,-1.0435643064926625,1
0.22709431602461339,-0.24297733087965878,-0.5495866459232026,-1.0103935818037089,-0.8077964741372521,-1.2348196187339047,-0.7076729902980126,-0.245481609663387,-0.15505726997196168,-0.6426721413138841,-0.39518328092600175,-0.4490438994237121,-0.4912110354075178,-0.38033162416165056,-0.03367879138519722,0.6142308779276919,0.3244034197441242,0.18013727309582495,0.6033068658110055,0.20013186339953593,-0.10304261091728739,0.5239420105394438,0.7495236078455372,0.9363513743108355,0.859252818556907,1
0.540318787306463,0.26445472927043945,0.06567330689742529,-0.4262377002540578,0.24666878865316488,0.5513791487348036,0.039950858377201706,-0.5391446504414008,-0.3679398731920313,-0.39084126543498154,-0.7322448212082648,-0.39631002883819444,-0.2692614626478932,-0.3631495303142037,0.22328889879511454,0.31513791838907407,0.08387308491434128,-0.16941477603344615,-0.21800161555418013,-0.08330872928980505,0.21591054623879272,-0.2519629284060593,-0.3690411398194693,-0.10695879394777402,0.10096510007875928,1
1.0951703578142657,0.27891971634817003,0.08333214227766234,0.619909634073134,0.37456258374759266,0.3201857791793209,0.6869201361319444,0.2420972617360564,0.5159246549872007,0.1583408469751279,0.9217355958646812,0.651741507259724,0.38709783853222013,0.5545104442692883,0.7594856077068075,0.44309930332326025,0.03665311302576517,0.2654847833448958,-0.2541845081218391,-0.12390839714260389,-0.16673610490912694,0.31256110647833885,0.289111989026527,0.73722632191527,0.9350130925734988,1
0.23622902414039745,0.38559442405296795,0.16730631901650422,-0.12018172437740299,-0.15909203098851835,-0.09568148026409745,-0.4161796626167535,-0.2534975259485921,-0.3453453439571561,-0.6321437557686209,-0.6206049084639059,-0.14233034814268386,-0.31048182963959714,-0.7720985459000421,-0.4883209208783049,-0.4815436705322298,-1.0076207189268813,-1.1473537191706997,-1.3453358133425504,-1.070411234353333,-1.4474144662426045,-1.8235122375862292,-1.5847612200201076,-1.7816468446184297,-1.8394691020818503,0
1.2026831125057587,1.3105549483479935,0.9653161419123387,0.6328799949479906,0.4348699872415319,0.7309492439561126,0.9347018024139631,1.2186730342599172,1.5413895003138303,0.899461242841512,0.9216890791919118,0.9777546746552374,1.2913122864306625,0.4967749158375061,0.4643869892393282,0.48437693881366234,0.6473335192992141,0.9974754143238087,1.036265266818363,1.4546713527314812,1.6820626919250226,1.3063615465107854,1.5793482922471107,1.6702458249221548,1.4267070951431726,0
-0.6297178054490813,-0.9251257794802806,-0.852684479216685,-0.7178136388627,-0.41386806722166664,-0.6121744648212071,-0.5805054500061189,-0.5552901358010547,-0.6359219330022394,-0.4302524530659243,-0.42724101123074326,-0.8901535689250414,-0.5560800772020362,-0.5366704955550198,-0.8419074685359956,-0.9401663385143587,-0.22191937737062511,-0.518346368549881,-0.9942425243913726,-1.3104618343289454,-1.3814577071675085,-1.5978129297408707,-1.483891097488306,-1.4593782886193252,-1.4607044301850218,0
1.917297634761121,1.7670027655446678,1.7562207140148371,1.6586086594918386,2.052440449064085,2.439964001724975,2.4276202134107665,2.3971963932322025,1.9660279329408246,1.9685042605699874,1.9260590192107614,1.8761399142479338,1.9712756049374514,1.859217178633119,1.7931508471198927,1.06397796624693,1.13327527923636,0.9996550534759915,1.0531477875844617,1.2005778554761077,0.7087354288368535,0.9429022389648654,0.8027893114626905,0.5123862282095093,0.44601161181680865,1
1.488679448934673,1.6096701750299,1.5685570626998968,1.3485248801395833,1.4041816305002186,1.258607843736467,1.498524147481581,1.0619711747964897,1.2176302657208198,0.9288560437960262,0.9587765048840258,1.2825796922483939,1.8434586389680918,1.6954053332041275,1.528860640663869,1.4905266722799002,1.3920576412918735,1.4410830181803191,1.7570593552846419,1.3204942169628475,0.845276824932671,1.1526894062458686,1.0261994767048181,1.0017606764763771,0.8660816021417257,0
0.15512719092423488,0.3804138092708406,0.22099374620081938,0.22971379999939043,0.5176958485823151,0.6839514245033028,1.0136500361857383,0.8147410399079172,0.6612037995962267,0.23752669467464116,0.34987145140869896,0.218098632752958,0.12585703649121846,0.38525044976042844,0.05834040483788566,0.5177289523547763,-0.06403437876195475,0.0923520894463713,-0.26438552338482585,-0.9725844043053599,-0.8731511182006151,-1.1428149511300023,-0.9036109416085182,-0.4629330711876241,-0.3584384436194942,0
1.8763765685072,0.9886991688817903,0.41479933888882825,0.26094607196814634,0.40012236105640486,0.0638223725087053,0.399769314856713,0.2520884048102414,0.24623661391709512,-0.2118962632062197,-0.4530968620999817,-0.704519983303839,-0.4987437507516012,-0.3981113626036149,-0.6004689156206003,-0.24624539179306604,-0.3448669451875093,0.24385410277820171,0.38056188135634206,0.07797106181004776,-0.583933134989935,-0.6799964870849319,-0.5724537676107534,-0.38860743622339466,-0.7498751275834075,1
0.5710040597386755,0.24993335086105428,-0.21599012302217108,-0.3154305769914646,-0.6333421565169552,-0.7029483756794453,-0.6834824140778613,-0.5139067498253574,-0.983774993572583,-1.0771940219573983,-1.587779242400956,-1.6794024355942687,-1.516174415573805,-1.5080975874560005,-1.4886205177257323,-1.0079533063836048,-0.9593385357905129,-1.0644366596677373,-1.3841383727048813,-1.3577032470474044,-1.3802032316884991,-1.2592885995231866,-0.7677688705360469,-0.9369611159764452,-0.9796580965671942,1
1.6827188375844955,0.8167770403235873,0.8317070920946693,1.1231651703693584,1.3427308877241333,1.0026217587264892,0.8524652175577292,0.7091852099700617,0.8222819937926036,0.732654761924559,0.18758752952638372,0.3982091577170515,0.3823747562983024,0.5772358227194767,0.4726504168054604,0.3651772301667319,0.3174561440202544,0.798175800031986,1.0119242754933175,0.7513055861734944,0.5455726956032176,0.5574685164361932,0.34182233022106556,0.449751247439769,0.476852686105839,1
-1.1723717831908689,-1.1139608048777876,-0.7347440685218496,-0.569842905946751,-0.9939426112027835,-1.029504065995712,-1.0298188137447404,-1.0398136799998672,-0.6400725171025495,-1.0840710396758435,-1.1650192881984651,-0.803866191782795,-0.7168769010303062,-1.0770053204231036,-0.777534470924333,-0.865553111411458,-0.7259270409014551,-0.5176481936203032,-0.3365626118956214,-0.05791784575157856,0.08335536723267242,-0.1461137386329967,-0.49593804563987465,-0.11917802504627557,-0.021388530058491145,0
0.6982721288888114,-0.4706309557205385,-0.34645921060923485,-0.5447194575754187,-0.3836075318327989,-0.5833013388768504,-0.5459117160630513,-0.1925025368723507,-0.3554781847311604,-0.5115184243228326,-0.4448182852774184,-0.7031217724526913,-0.5806325899794054,-0.4314058433088239,0.005562774508181677,0.15906950311481965,0.175625613480467,0.20903815931056804,-0.3062129072841383,-0.22785241608136786,-0.1596099002520062,0.0336595047457917,0.09740058601472285,0.1007945727817829,-0.03571297133444188,1
0.4905101623855892,-0.6385773491313922,-0.7128037639835152,-0.7794812956167749,-0.5966023533801106,-0.5089489170448132,-0.6492510993878888,-0.6504073676772234,-1.3757809156659293,-1.626258004083641,-1.5949551888325888,-1.859032458303478,-1.4673413257625816,-1.8271605880555792,-1.9432831532409132,-1.9336225811930678,-1.9630417716334077,-2.383401194536035,-2.384890045960395,-2.1164003482369367,-1.5739359682521843,-1.263609945786212,-1.5506271193248946,-1.4672650136304581,-1.4606595859466367,1
0.17019330187399329,-0.5640625398795003,-0.5608902754454712,-0.8748770757715307,-0.9973807821768623,-0.9894258030201414,-0.6090313285220694,-0.651986847382782,-0.14650980826742155,0.3323639841241435,0.24774938097759303,0.09790999264686821,0.1592301258989978,0.3355244136586254,0.40980718761714147,0.9563477353328381,1.0101719585400275,1.3213306321624272,1.1897739184223046,1.5807250475193855,1.7296186155348001,1.7231605906610552,1.4206291064457885,1.501995019841926,0.8049329626036198,1
-1.3514498201185001,-1.7193439970397562,-1.5066089519672607,-1.5865708460861183,-1.6285431145407525,-1.5793586444428314,-1.9137015027561757,-2.3029457968748703,-1.8161405894110108,-1.1984592685475777,-1.0812114145626368,-1.1285307985073505,-0.9476638127252318,-0.7828897125370915,-0.7162682169547141,-0.4819498018815235,0.16802436713793778,0.0520960540705595,-0.3457023671637123,-0.005392706508590781,-0.6050336467356705,-0.1630053308463178,-0.4141392051094901,-0.1294201238839219,-0.36914829816489175,0
0.7599383064429992,0.7461911541988266,0.622841683055579,0.43820682489482427,0.5515579392454106,1.1118177173023913,0.9339471800091833,1.3251107148256285,1.1757296659883507,1.1847010707313033,1.0426893807070428,0.7476464620819107,0.5325980946504179,0.296378949533001,-0.5122021361028077,-0.38885858422091146,-0.47070966375164613,-0.33294481569346257,-0.787914418358137,-0.7493650903844302,-0.8561909365065996,-0.7879755143048408,-0.928694589313097,-0.5318580366613122,-0.336391731778172,0
2.428201654683137,1.9000882627216065,1.808188151241362,1.7081226778015572,1.6456305959881457,2.000810356512783,1.7363451305244797,1.202879082653543,1.5922404554375273,1.2316444164894278,1.082606993470276,1.0274081892450884,1.5299257958532133,1.348700915864437,1.1848606412048894,1.41415418953678,1.495391711856126,1.4825086928969822,0.8195429506054045,1.0908991975012328,1.0198316011035253,1.1103987523715706,0.9900604752854598,1.1200413778635192,1.342052559201584,0
0.034895150049263135,-0.7838649326804106,-0.6442423447672547,-1.0245045124870422,-0.49284279106374157,-0.5392246161727973,-0.4251111046278802,-1.3368505048773276,-1.3468441011231573,-1.4570052493317627,-1.3254117793152336,-1.4882131688835942,-1.2718641376868158,-1.462657849960147,-1.5545440641734174,-1.213394208132617,-1.4549647229215554,-1.3323311590534286,-0.996761812523858,-1.077177412141349,-1.0699368196722785,-1.3208603516556443,-1.5947911419901029,-1.4616635915035607,-1.0463914360372077,1
0.4608420555592341,-0.05897616669826655,-0.3626535865717097,-0.403966165756945,-0.08901225669883661,-0.13029591213358602,0.0641764298081336,0.2419607632265243,0.21320061772875035,0.3314163725447737,0.8321290145060848,0.9652314227455059,1.2850054267852449,1.359818904750468,0.9459609365478695,1.0233373667105203,0.5132552608749931,0.889978125985358,0.2983114219737965,-0.655912667341278,-0.8631758749416469,-0.9108104502706481,-0.9307876772993635,-0.887349670247746,-0.9574333122674373,1
0.7475212970589156,0.7703769265150633,0.3886942156851348,0.6540495263775936,0.342190314963688,0.00987475045098668,-0.2977688903842136,-0.6346870928070536,-0.6272112865317925,-0.6533396647645421,-0.5972807188009421,-0.48532862092530354,-0.23149161235972376,0.1574076425572491,-0.45868689832004605,-0.4465655098435577,-0.5838842100977092,-0.9004451647211622,-0.8322123100627126,-0.7048407879010026,-0.6297582716358332,-0.908865080233128,-0.608560096869642,-0.4702315846928237,-0.24768724794863503,1
2.2084550384189683,1.429102339764315,0.477872251090557,0.6021329040472088,0.5972774428044411,0.032476291000109875,0.0034025257096241823,-0.2618188132452862,-0.19391147455718577,-0.17135665893956123,-0.09390325312138315,-0.3542913837893617,-1.0644438583544564,-0.8548913784724047,-0.8175299217437961,-0.6700608495495717,-1.4034040869734026,-1.8951872727015253,-1.8096030839152302,-1.7296986559662983,-1.7701067696107802,-1.8971114704962473,-2.4831205385222512,-2.2694290538235498,-1.5444436260932193,1
-0.3562432105690392,-0.5655920691963248,-0.5813251822845014,-1.1901991073003269,-1.6168101981699365,-1.8782820030681993,-2.020826108908056,-1.3903911688351434,-1.5401812051682482,-1.3911166982860834,-0.960551335956973,-0.7954001123232286,-0.7603408306504935,-0.6677020893386794,-1.0279697367518124,-0.7273292372913598,-1.050357689106236,-1.9703830963623952,-1.8160205820323156,-1.309142119456073,-1.0237613882384182,-1.210950602258958,-0.8530199683239574,-0.5033885806852402,-0.11728861908866414,1
1.1878926983455453,-0.006300193647667762,0.708481080054782,0.655447440347469,0.13867406759304074,0.5441076244719437,0.4994825174239116,0.7118332413179568,0.3651904091173378,0.0695576227905011,-0.5763060074960378,-0.2474802632566055,0.8530284788063855,0.8781572543665823,0.8443629255910358,1.3722677040775249,1.2465322348225087,1.1533708947802666,1.2057341302008098,1.2097948873586821,1.2214523700327167,1.2321938376742332,0.8320353508327814,0.6330406789380156,0.7291194697433581,1
0.933114897414689,0.8567557359021364,0.46909248807900866,0.25594790748899854,0.6964145516244618,0.40586819824534337,0.7980096875610663,0.8774932821504298,0.6712976699186222,0.6507841519582752,0.28618515647803155,0.2468869210207526,0.784411535466607,0.5320098397240746,0.5870086212946968,1.3173258348648316,0.9327243229082494,1.0617348642136182,0.4939908377716402,0.12530691768841962,-0.40680257639606027,-0.45467768782836143,-0.32249027310302625,-0.6421326673322847,-0.247787368848402,1
1.5259899948678188,1.0083095118873788,0.8287811262319088,0.7094136569311049,0.7202608997275479,0.7857590243929209,1.1407923433111706,1.1485833671235697,0.5828434871619674,0.6522900027069959,0.3828073605934157,-0.21333545348139094,-0.21860955231961854,-0.34941117411078537,-0.8060619626567411,-1.1840140086283204,-1.645692501595588,-1.1532043468252762,-0.7567393655433636,-0.9411395322186482,-1.0101778425667747,-0.8716098965272038,-0.9041407618377398,-0.8541106208016696,-0.6977454387774,1
1.3955467504020431,1.8572471794826142,1.42434724505191,1.7921673019816788,2.1943930977125574,2.1814320997972025,2.2551706942485756,2.163374239974195,2.1128882772410296,1.8872509098997376,1.8873636078708882,1.9050065037820383,1.7901357151213266,1.6181343851299772,1.3681224042534905,1.6677697151423885,1.4286209903809675,1.5995421335184823,1.8339738717758047,1.191377973840222,0.6849192076707108,0.7380681026846719,0.6929338250926127,0.6304061448092758,0.592903276156882,0
-0.47602836743795196,-0.9127933420372656,-1.3668851690055828,-1.214784179655201,-1.0158324432541592,-0.623444476478585,-0.4753405847601437,-0.3463066458833372,0.01830916512143771,0.38516475799309957,0.779143643602949,0.7635850403830107,0.36420822631882244,0.5876143239572975,0.2015167852277951,-0.33164803616606786,-0.4325795960684788,-0.4789732213014941,-0.24848991730815356,0.12260186926252407,0.6788009514745379,0.7578035184889905,0.8924721167908383,0.9818462861467049,0.9470703403224375,1
-1.536212051488586,-1.3941750181323336,-1.3316176569293376,-1.215277463913139,-0.8854305149879744,-0.34386243554885565,-0.29862821750511387,-0.7261355874811248,-0.3878548647845337,-0.3388334560055139,0.23061686752676344,0.07159366681971199,0.4090986061375131,0.5743162465969405,0.8790052034510811,0.7982837652301615,0.4139577913594677,0.400935485771226,0.3170139976462248,0.2266434942107804,0.254951016146695,-0.052440950828147606,-0.11244388933791097,-0.6605445566881794,-0.7689721231648726,0
0.6188214949261571,0.6391188891228505,0.9580123154213369,0.7104669310821475,0.2730563835697321,0.6380698384520243,0.6441392250553998,0.7155571113346781,0.733760642424724,0.8953597183477457,-0.0840536835580424,-0.029818319463752845,0.4136505230826418,0.38699978501114707,0.46075322921411643,0.27688075003025164,0.05350368967173321,-0.362901285589456,-0.7591056614471053,-0.6212683289055256,-0.6165167880714373,-0.6675137509263918,-0.6829792454560888,-0.9396156401621276,-1.3004875946542571,0
2.164278441456138,1.6679533548906982,0.8502296257923554,0.3148478426056699,0.505814782898873,0.7983721958852986,0.9232992634346644,0.486560791690986,0.7192080357612378,0.6446703498340437,0.705989300542873,-0.05902336641281815,-0.15804004499899102,0.0837120698896703,0.20206678939747702,0.08751201133550274,0.11885602283961352,0.34200725802337906,0.5641298375590253,0.6010587351492913,0.4532307556060328,0.07419893360887198,-0.028003473901553264,0.06356272222735776,-0.0783893760076847,1
-0.5113962180267329,-0.2967017676512394,-0.31669749423896976,0.02651384375946081,0.17792499095077138,-0.04537423524818607,0.09930857160370711,0.24551711312741567,0.2768371697475235,0.16252548811277848,-0.18389110026575725,-0.2438175430723396,-0.454934177586482,-0.20501451313875851,0.24258800840873396,0.14557128276408227,-0.2694200639764481,-0.7772312945344948,-0.8098119499399414,-0.9997373200227584,-1.42697944255687,-1.20260608491977,-1.1901446464351786,-1.4951352429909424,-1.976587969414248,0
-0.7814657081363092,-1.090513987746718,-1.7987850371884735,-1.7488197962935297,-1.015476207605018,-0.9854723127185637,-1.3226684436131253,-1.08200190853842,-0.7711245098715909,-1.1875930797765932,-1.7837388338418938,-1.3092881409404846,-1.0975818513377527,-1.5008331664409742,-1.2171391629483295,-1.0679862530260484,-0.5627136394848803,-0.6886051008718498,-0.43926739915396534,-0.7027552932354996,-0.3075467448875233,-0.16946126051891758,-0.3355105517807375,-0.07058582832094301,-0.21650359398688826,1
2.2740854146183187,1.559470657417367,1.875490118015146,1.2652295656300607,1.1358434676012523,1.0808675149940619,0.9862994571264809,0.7066680573147628,0.7444357299585265,0.687372221793592,0.560066901769833,0.5007528934115356,0.1767506839815779,0.49209240933270426,0.674878148607609,1.3445696039077166,1.3830417080011277,1.2711176182742348,1.0392273477452296,0.5131257957238518,0.7372522556571983,0.6372069479141543,1.21084626292828,0.7601640734931003,0.7101219412203738,1
-0.769626565129014,-0.8349982918751786,-1.2153485767291359,-1.6079069648108848,-1.2681251304621495,-1.3480836043748423,-1.0877307873683666,-0.9550427268809647,-1.1084237911299826,-1.0270739751621696,-0.421692886449766,-0.5363640432009784,0.04743653540924141,-0.18179386986927906,-0.1657637274174687,0.03522347212691668,0.3814726799767913,0.38280854560657696,-0.016910074965399632,0.17595943848431517,-0.2465900662497429,-0.40969123947412,-0.7111053949425652,-0.4588516145620675,-0.6146835962296548,1
1.227503445807672,0.7469921789038503,0.8096132098940524,0.5659865007088218,0.7567550533092047,0.5869137742748911,0.48623460392670537,0.699919919044073,0.5594970173179936,0.39756068012293283,0.4697237785246368,0.6134366968251099,0.5837260894976125,0.897486330990508,1.2122488542707093,0.9978176959994741,1.3921724022140909,1.3240629904226935,1.0175869079818973,0.9867185480050925,1.3752453226889736,0.6263885588620712,0.9258594805600562,0.6286077245580411,0.7369684908275651,0
1.1487908010397998,0.8230201621315592,0.7534852260923389,0.3091483377687877,-0.1590305056949911,-0.16940464847292588,-0.406293166803479,-0.3711051664328054,-0.06714226226217701,0.006855323738878219,-3.592572995611554e-05,-0.23875855439846866,-0.6954484563962029,-0.6661639798494687,-0.8776172557357703,-1.2148418631438704,-1.0192695821711453,-1.0156338361620068,-1.386882540849806,-1.1973473643317945,-1.2030095977899877,-1.4291187758928332,-1.7005362268505901,-1.3689817622976204,-2.00405891188145,1
0.6125684590681341,-0.33833109957488905,-0.8222484685918239,-0.34233188905141976,-0.1612782351129156,-0.08753322479216405,0.07855766415868168,-0.062127708678134996,-0.23289544049231958,-0.1523829153372814,-0.08094906966898974,-0.06881560447198982,-0.7666496938499059,-0.5575277464996139,-0.0844761663291732,-0.3753014170074904,-0.3446721986009931,-0.01219940477724242,0.5541056592291649,0.2799864002991062,0.44061046931502124,0.6721493181273885,0.4582967364312156,0.35524076027122015,0.7592373605989207,1
-0.3818241770458519,-0.9364055964177094,-1.275099022978732,-1.0838768614415408,-1.337303739896767,-1.263784280303195,-0.7158730133176331,-1.0562585233158668,-1.0486291112742392,-1.157343452059641,-1.0432899370200042,-1.2261941806190852,-1.294905289638094,-1.0791486952131675,-1.233570468988641,-0.9924238598214732,-0.648813578089639,-1.0515019179176686,-1.2690398271771548,-1.5605582423610131,-0.8439488689066071,-0.6139477518216439,-0.9494883950371193,-0.681059909300875,-1.214015503679098,0
0.07360833016537396,-0.30121771872593556,-0.3296553443577738,-0.4049149656681248,-0.5006439912428221,-0.27859424942215816,-0.043873465286976096,-0.049343752929417804,0.7103120416701506,0.8518359412074747,0.02231999797350285,0.19697789369172583,-0.11705387412687955,-0.23332238893851928,-0.3667541126341585,-0.2511473435566429,0.2248403917462029,-0.26972270166316353,-0.6364438229568272,-0.5380634107356859,-0.40289980721583374,-0.35359927509481665,-0.4108909808494937,-0.16620070402181053,-0.3972368666331215,0
-0.2819024019073719,-0.6853331656479196,-0.9297574617142543,-0.7105996189746189,-0.7549512350212071,-0.722201869314077,-0.6780838344727924,-0.5808888314865557,-0.6757183577696757,-0.7648863958345455,-0.8794538443879185,-1.107411737960081,-0.8734604335473626,-0.8558187894616157,-0.2944304004383567,-0.018189039259030454,0.38751627224050456,0.6520275407024285,0.25880679162694686,0.372448614047367,0.2004729893229284,0.5801593160078854,0.7062098706735934,0.8220581162441556,0.413478050412308,1
-0.1280916974468582,0.12616075818538547,0.20510831268002025,-0.34301167641465574,-0.309245446388112,-0.7896759598229343,-0.48226737148954385,0.03399930180527759,-0.14399565399699238,-0.14194544152929695,0.345496129415473,0.22576319824686691,0.385730084240675,0.14096559530914493,0.6713506733177486,0.4681693924365516,0.12294892690821574,0.34528976482485974,0.8102337164596783,0.6803663513755107,0.5568132068328424,0.6409155558689515,0.704100890102506,0.404331211460918,-0.023159396981988344,0
0.11228751173404838,-0.2574029884252139,0.04470398651531665,0.2977930908305434,-0.4300828613384065,-0.1403941697123743,-0.21059201095500163,0.17931390102925263,0.15925794195113413,0.33176264818272094,0.6816446686763097,0.47372345598986587,0.39590169137681014,0.1389491995010325,0.21352648507439576,0.25783712289947835,0.42029292728704387,0.32641019484280276,0.4154368711119221,0.7204694538708172,0.5766027692222626,0.2800686721287259,0.43156332108261475,0.4515986082969719,0.31299418963063835,1
-0.33920119961144235,-1.0852972934556198,-0.6090306989065033,-0.44305600845492576,-0.8319017035640517,-0.5082673320532058,-0.515351308553661,-0.6904045277689543,-0.6407402513952611,-0.051880590194242376,0.2949978623668952,0.025482817431519797,-0.4578303014631721,-0.35120556846712525,-0.41348330932124977,-0.12680863850634558,0.15921642430306626,0.25759393884584203,0.1274013768609178,0.02473511637196995,-0.990775874842174,-1.337100989354145,-1.0563726126491841,-0.9459967910892244,-1.3274768896002465,1
0.24439097511571367,0.0816507020392116,0.3265768825745905,-0.053205949291980074,-0.04333179560934512,-0.060017970208599475,-0.2856856822226908,-0.1388475308996743,0.35399410235150697,0.24899428716383523,0.7816915370604535,1.3199508187510696,1.4270406456170088,0.9020135878664203,0.7364242874718163,0.5928126454675295,0.6505056366751129,1.0441524384858187,0.26547513461160865,-0.16569139172078085,-0.45652600571803625,-0.42601266284368594,-0.20496041888304448,-0.31635607096328017,0.5798009596928418,0
1.809726871078393,1.0306261718096916,0.9774123694343246,0.9392984495549954,0.9842818431362095,1.4413830407025905,1.29518209384961,1.1237742775655029,0.8298700049568157,1.5051358551298066,1.1092481028973475,0.8242208472830769,1.602310048043994,1.2702118379662504,1.032450428879738,1.4576761131948968,1.1508244890789243,1.1969564682051068,1.0307798832200443,1.0044906104003886,0.6395605765041354,1.2801458285734508,1.1426930154150632,0.976139093667976,0.3994666307476328,1
1.512342320469818,0.8013410918450998,0.8699952260423376,0.8240186688911126,0.8203703252159378,0.6780436134950333,0.8762519357232756,0.08746206378684762,0.009577888145060873,-0.12230007542332516,0.5451714898754146,0.9050032174311732,1.0050803707550477,1.36185508192189,1.3599337133588816,1.414896225708153,1.265285831714825,1.0381147598666571,0.53321787482059,0.6398836506346413,0.6378705208568489,0.8535713685669921,0.6803220952755538,0.6791918568075561,0.6436336005109803,1
-1.5690969509987207,-0.8655206397840003,-0.6086387670516287,-0.8008100543528995,-0.5074534693824132,-0.769985496743225,-0.6077113593464287,-0.9197364262903513,-1.1838400423896767,-1.1526557740858523,-1.3122386268722073,-1.1424443894635683,-0.6477030605399086,-0.2492050504023779,-0.4321273754098808,-0.33705449048430014,-0.3908630119454816,-0.1531992419103917,-0.27181151990430374,0.011243037485826952,-0.3195138281815927,-0.03557672302176014,-0.315427161280214,-0.3178662100391087,-0.2850700273160026,0
-0.7106999077539093,-0.8010051976009633,-0.7212554502641769,-0.27355847924398663,-1.0975793836982712,-0.4296339359053241,0.03816899002731397,-0.18037178866948816,-0.15384039527467672,-0.47435946678441443,-0.16999582096342378,0.09284691011009599,0.2674647289773439,0.07266464781890998,0.23359215439874137,0.22686824179200876,0.11698299627403771,0.028623489028730367,-0.29682278651121946,-0.1394451420647754,-0.19504764794815005,0.2421960398305407,-0.05728982727471699,-0.6738471422274395,-0.40211155689073175,0
-1.1816984352869464,-0.7704333713764615,-0.7487833103397779,-0.7754720652546295,-0.6772320081294388,-0.7228790861970572,-0.8627231196469596,-1.039081411290373,-1.2238105573316918,-1.2025491096479353,-1.009846885543636,-1.0582624292436507,-1.3015698725877047,-1.2241158361756064,-1.0554015696553742,-1.364804971383583,-1.3656489276862998,-1.0034123794811216,-0.6307631449204057,-0.8053546497764349,-1.1587559718114544,-1.1490240584167812,-1.0061445039046668,-0.6492840900089552,-0.7682864230068347,0
1.3822918408436806,1.1402795113082371,0.7090468887826794,0.3881768404369723,0.26152932353943387,0.19566834860080806,0.2548430354996047,0.3973031867729995,0.48100609600681143,0.06159706087168891,0.026874790393560194,-0.18539140092529377,-0.49008171725453237,-0.7968542533396549,-0.8617234470331903,-0.8164129286919027,-0.6521193336365657,-0.43894199468048584,-0.8953053353119663,-0.6247719493948791,-1.1394891562978038,-1.2819828534595998,-1.7507714625516222,-1.6397163965258152,-1.6238199368796953,0
2.110503573338531,1.9572181855423385,1.8704787156825093,1.4006461887235437,1.3244394443168184,0.884631594194479,1.1969607804172824,1.079459433104461,1.1549753314599933,0.8397613909990217,0.9177248573953687,0.7793001393410548,0.865005697959446,0.7510235813630048,0.6605037071948748,1.0303444024713115,1.1024291633210899,0.4335064143391031,0.8865057680327268,1.0432116902376924,1.0451169842407297,0.7679008440331573,0.5165523977612145,0.30721994076214115,0.06570859183152228,1
1.0021496534141299,0.880520198575013,1.0820031358371072,1.1222543128707785,0.5617527017899959,1.0578512485738032,0.703573344349637,0.7526763072600168,0.7530567524122465,0.4395525515256341,0.1604160461827598,0.6079220612783824,0.2637314398047796,0.45735451645981473,0.29259585549584993,0.22046616075414,0.1339966205775123,0.00338274523382405,-0.059489329397726526,-0.01576901615697031,-0.02374510575592602,-0.36006911092973165,-0.5111477423721551,-0.3870014346124084,-0.10645505327940799,1
-1.3152810970789335,-0.4378636587565968,-0.6667202644353133,-1.006963366083569,-0.31436458803284745,-0.436280852082631,-0.4898662859447078,-0.48383267675340913,-0.44364921087230136,-0.5031382050542129,-0.10927399512818033,0.061221620298945324,0.18118890803594218,-0.11273488862033901,-0.5209715172965421,-0.46953734529471686,-0.8204703485134872,-0.8291745563883212,-0.8643356688836025,-1.0354674813946863,-1.067701487690804,-1.1718016111423062,-0.8138333143681392,-0.8655674828025296,-0.9531816569008602,0
1.1692195213265921,0.5851501889183046,0.20058505609913288,-0.16255957159004353,0.02901931088126819,0.44786968901280266,0.3202608177539122,-0.13403305581870978,0.18233987446648253,0.5794583215224745,0.8890007401103127,0.9046731918985014,0.9138533908165216,0.34811983908524835,0.39955567569802997,0.3308347950551825,-0.17560903656965082,0.3452411434188388,0.02913076806231003,0.32086762294011817,0.058742408628415906,0.019025883036462896,-0.3410302301910313,0.1566783032944429,-0.04983753778347059,1
1.4254999233251828,0.5194119004945456,0.392615019926286,0.006124470650560321,0.2439462803907978,-0.6005420593648135,-1.070088430486302,-1.109971247724701,-0.7528001725789857,-0.7853789663072751,-1.0865298179824574,-0.7326721615399235,-1.3246680690802581,-1.4385803578969634,-1.478609796612598,-2.267567815947065,-1.9983111240594218,-1.3899039482562752,-1.5403617399657439,-1.8574783878631635,-2.1522268725562625,-1.8977335762203054,-1.6093027368707036,-1.725838476339132,-1.3998210862130887,1
1.6512441769814326,0.8110595646629173,0.5626706558534201,1.0680325573429883,0.8868748052985505,1.2313549004309916,0.39374354758671476,0.7634080791068423,0.32206179315384065,0.5963334820367651,0.4022880859444643,0.41394171261466833,0.3715324792293298,0.16009340188812116,0.02740455221575877,-0.043250152064388384,-0.03609872683781716,0.05808569937457379,-0.010228445936088626,0.18862029904774297,-0.028800880754667746,0.4317510505122518,0.22397630245434255,-0.059202610062279455,-0.27861311469685435,1
0.12415783584651408,0.1670835003742072,0.49649683347713786,0.5611083797838444,0.41783939044677365,0.4113095798937869,-0.13514050484038106,-0.1241546646300755,0.5262373257810218,0.8728222711364164,1.1680913531855115,1.744879965907618,0.9858637059983637,1.340404303517702,1.0383611420444119,1.2511965949644996,1.4831103574824436,0.8922512547419708,1.4295273431512905,1.245328450968123,0.6374212392303973,0.6906870283365272,1.1811087101835513,1.1210926835114605,0.5653425554459328,0
-1.0627718041137715,-1.2822829016815447,-1.556842474837365,-1.3771274140315155,-1.506070438802897,-1.4443588666855203,-1.4077016653882044,-1.3434920313249312,-1.925298375828672,-1.9913708963352015,-1.9429413955280792,-1.6328673954642272,-1.3665784872277296,-1.868902470391039,-2.1155305003822935,-1.5176301060105992,-1.5857727470831546,-1.0259737434411937,-0.5402300520724616,-0.7282414154056941,-0.9363238609160426,-0.6527760052564735,-1.00180501514658,-0.9518884951634898,-1.2053672201880004,0
0.004096787998655441,-0.3292657134914265,-0.26868169788795915,-0.30514413324271533,-0.063380704333175,-0.2573847487531748,-0.1546671221909543,0.007844157275993835,-0.11389755630324598,-0.23350403423912974,-0.10447754300936649,-0.18776160052382806,-0.5068421008285735,-0.605236570649165,-0.14488541968626356,0.2842645505496099,0.06300398592893454,0.2811777512443697,0.36784210752976954,0.09188599197379095,-0.4653866399226097,-0.3156387235101591,-0.15070752733110557,0.21094927923820073,-0.08778874712352092,0
-0.0046143060430202075,0.08401301265264416,0.14003743233832538,0.029920078480111464,0.04693097404145719,-0.31576432711011304,-0.2321976036526218,-0.3211242291418312,-0.12756788165076166,-0.18986832741241938,-0.24541281901513592,-0.7401647609384947,-0.6520405054154582,-0.5237884652988971,-0.7985635772690467,-0.4366614934220512,-0.3097077073339405,-0.021871136456810252,-0.05687989568962028,0.4519631816472697,0.8984329279546031,0.6615827379970742,0.5144414960575813,0.014975792665778528,-0.3453581920320555,0
1.725145143970387,0.7726175271940956,0.6652175537962047,0.8470884038605963,0.7467237723769165,0.7785158447221278,0.6994696390832176,0.6512104847920043,0.5441986261949134,0.9110162432463376,0.897389621530699,0.5992889942814961,0.08452020779148256,0.04343611040748726,0.5129254247665082,0.14986667598534736,0.020238207712365633,0.43081169021123455,0.6389888053904889,0.9865661390126643,1.2230785930631825,1.2635433305345478,0.7006682416420478,0.36271667699616766,0.3394433124944546,1
3.1252983626900335,3.1126464674094105,3.014584189072837,2.9973898789540363,2.4404139359369257,3.043848318930279,2.745413818484034,3.212923117039095,2.9616260201418116,3.132306939866916,3.036557631166011,2.7018428001759855,1.8829640145548716,1.853629295790288,1.9200718804182673,2.0106765920811527,1.2095133943716523,1.324613206029643,1.496780335970874,1.3544280610164163,0.7794354530284675,0.8312837853101239,0.7782463307133229,-0.16155791663258928,0.04816913526349324,1
-1.3370456365517918,-1.7905890628293597,-1.4414636938609633,-1.5483827645549275,-1.3991860268162848,-1.5080497848523557,-1.70478029229624,-1.3862485561157099,-1.806807807940848,-1.72492789341497,-1.419972127539744,-1.1538314094498439,-0.7635496659895347,-0.6427053734653033,-0.04483843525898591,0.1056411680162147,0.1310056023426694,-0.047550120730038455,-0.2603728706445615,-0.1368381150653225,-0.4457036639287093,-0.3888382326051336,0.12507791293221338,0.7413482671498406,0.6072892809671286,0
0.4025764116998534,-0.21374743394565057,-0.19799553301319064,-0.4368540350580209,-0.5668165843614782,-0.8878679236411207,-0.8014695059835962,-1.0676996135563144,-1.3519916927127116,-0.5154393762858096,-0.22538937413292426,-0.5656243411837623,-0.38991164622264646,-0.13030600709725793,0.30980173304197306,0.5031889913953045,0.6155938015514784,0.3559129445498461,-0.11298541497926708,-0.22367289694136383,-0.46802375452073103,0.18133853569067485,0.4657270854321307,0.6615120897665743,0.47957546359881476,0
-0.9791455913872172,-1.3038190810161874,-0.7015215662578069,-0.4482257791512085,-0.6360937470998449,-0.6359942009884582,-0.4130545306533371,-0.5131879403762453,-0.5022950405896308,-0.29713967493237714,-0.14849897900007364,0.25868752229248365,0.4439352937272285,0.6009597460827528,0.39940517101242473,0.19300512565183509,0.08812701953550119,0.48733812373233243,0.7491343457456588,0.34591510659668384,0.31227525382363813,0.41164917179591853,0.6564404320680925,0.6554210062791874,0.899635496024091,0
0.8138553786434352,0.5569392841914989,-0.1434565680835077,-0.22639912327731,-0.09060784530605487,-0.4206999364262496,-0.3394337195371423,-0.4982613412087895,0.09082977057113366,-0.21619336010238013,-0.012980744735256414,-0.2812012283177682,-0.4596184449756296,-0.8810416706099062,-0.4813141399371652,-0.0129348251676812,0.3125198730947581,0.466344376318499,0.10522154969328454,0.24422744043571581,0.5737404322798585,0.39271196521734164,-0.025889073337711344,0.07967070280698807,0.20179242594575092,1
2.361831826779805,1.7963145526169535,1.3260633608131038,0.5955841923968155,0.46761946723645587,0.9469557835416577,1.1261347778558646,1.1314904626588416,0.7148341622663494,0.5137885195649108,0.5203714439071453,0.7655906915247851,0.011768450284024637,0.17400209779357295,0.44961096483945706,0.31607275006000457,0.7185747835614875,1.321695521338125,0.8944608102596063,0.5472361507300476,-0.059917285112964555,-0.5573240642441207,0.01664886572064564,-0.6943896568260461,-0.752077450210413,1
1.7092062943474575,1.2448258764067166,0.9658670251154073,0.6848078482652209,-0.02071229486782744,-0.02586080258529405,-0.49259277199620294,-0.6303923825228736,-0.3572369892355085,0.11222648524692644,0.3695208875640067,0.6446520681574384,0.7328045166587955,1.1866374591562556,1.3996604092064076,1.8182404429421304,1.6370943121300627,1.5280436525306325,2.128571732489403,2.156561718014028,2.1719677351304725,2.0324337550390803,1.9111822686923494,2.378079448644675,2.4165674854710906,1
1.4200383821293843,0.9195655825807795,0.440877994962901,0.3130008994451487,0.6581723794445116,0.25212352316521836,0.2525491476799863,-0.4139677897970365,-0.10399734862896676,0.3496960764036936,0.7045693579858329,0.8157418661874937,1.1125230028343023,0.8086155622214125,1.0482548974395451,0.8347483169720994,1.2305058321014408,1.0209189364888893,0.7998998863371243,0.910140185671278,0.9616405153239413,0.330966219099531,0.41115163233947494,0.1989363976636555,0.21555738550468287,1
-0.9014750273496938,-0.6310800562909179,-0.2522778338284093,0.16543508810877205,-0.5590581493094253,-0.21748288041521133,0.0350148527286606,0.15873421053505632,-0.13284601536217705,0.28487988980821266,0.5623786830422032,-0.07172872100890723,-0.5601484721362686,-0.793686212866658,-0.6970391155240719,-0.712026171232576,-0.11102509502101551,0.05070059672984822,0.40366888807579365,0.6510459452268579,0.11890783453197172,0.5077169819693526,0.15506887232640967,0.018813825187885727,0.180882092242291,0
1.80479206875121,2.17878606463782,1.8725590161201964,1.4658423002707741,1.701904745098056,1.7981976303684624,1.7955121757416563,1.5874564780881033,1.3560758864491003,1.2620052992048407,1.33388614742401,1.0169762752226392,0.9771107292348444,0.7885883715098984,0.5811317874040456,0.4581539189868217,0.5288298239777948,0.7454095188650633,0.9343074293880094,0.5820202322221639,0.4293991151021978,0.5735181560602745,0.560053951484108,1.0351128856521006,1.3466819826901466,0
0.6844513658498595,0.915559508019315,0.8853587351866845,1.2100488589180596,0.8429101126434032,1.0830398170178752,0.5021963482596848,0.6026923131137614,0.2791704313565953,0.2615955847271503,0.34580111598146446,0.5981652330966275,0.2183515215305067,0.2924143356753586,0.5483329392439258,0.34894999198733445,0.22943525670401566,0.0947216360250101,-0.20066973448225214,-0.4082995244865503,-0.6811422073882022,-0.603730711796131,-0.7493048226773784,-0.2673733143986459,0.321653902350865,0
-0.5675560695499366,-0.9634220329504557,-0.938480785862439,-0.7672121583039944,-0.5267399248319613,-0.654600133487212,-0.8178299272828814,-0.9788175647586862,-1.059549059649045,-0.8407365586784638,-0.5419339227354303,-0.8745027457374592,-0.5273467937944571,-0.526296947800311,-0.24182185874221349,-0.3256874427399219,-0.140924919516967,0.27430020082721573,-0.2636960081444933,-0.2971133739451398,-0.8339444031899552,-0.5704367917911873,-0.7481447429462837,-0.6607330524209338,-0.8053102865134627,0
1.3017354780064618,0.39170427893790816,0.6836120014454599,0.450888044945729,-0.4116861186549747,-0.1457702719696821,0.07688836579967497,0.5916135811774546,0.49769428908566576,0.6479617763590022,0.40002313613858753,0.5557065949968041,0.3447116594556621,0.6901496600246522,0.5620759282440114,0.35903207734487386,0.3389314961488145,0.24234528932010843,0.4805168472534503,0.12985511178530285,0.346140201182644,0.43255528135262694,0.12271975998216982,-0.22215366553551977,-0.08213384871772705,1
-0.43258728077898057,-0.3822869618568653,-0.2100483541552779,-0.6108159948060706,-0.9816058996769031,-0.7849521212696491,-0.8122799725821568,-1.0403668169568174,-0.3511003073142569,-0.3249708333738388,0.259456385761991,-0.11554052744004606,-0.10700565692093361,0.0536790456014485,-0.20306507179128297,0.19895903138725865,0.22091623121400064,0.15404233439798976,0.4580056027114713,0.07006003092882666,0.016217030443241257,-0.14230888100099448,-0.400622339458559,-0.7166695769115915,-0.8477214452034095,0
-0.4470741875372328,-1.1554691115458846,-1.4021773859670499,-0.9131070464432323,-1.1507180712669611,-1.2525847297612764,-1.4050350848945807,-1.6089647839774037,-1.5399198915107477,-1.3072473763218027,-1.1519188826069031,-1.4176298993803023,-1.4577496827202459,-0.38311016577335344,-0.1166991287101221,0.06164874428325318,0.23346082710565425,0.5996074604734443,0.6185161239627022,0.07783996888626715,-0.0019590226888436466,0.49798724533634064,0.5004061158742604,0.06536765784667414,-0.1375051521825364,1
0.2970821719095369,-0.48541353530996756,-0.6269311109831419,-0.9640493972282371,-0.9384964876167117,-0.8451225351195834,-0.6776179721764501,-0.6948738405932945,-0.37468462276619485,-0.7708616702879162,-0.6382867278642598,-0.7364960063777923,-0.6126973953616461,-0.3475215813624284,-0.21962322069275297,0.13190974379196616,0.4904688083603814,0.8118262281944157,0.8021313937007952,0.46833252456459556,0.47211610565524,0.8151480313940129,1.0481183737881763,0.8190930684635711,1.0798213148802562,1
-1.978869231597912,-1.726816841061249,-1.7323553087983725,-1.8880841356376612,-1.958349623625874,-2.054517985960745,-1.9706461710590122,-2.1536849162584955,-2.225198274059757,-2.0674542636370243,-1.618322731478085,-1.9481619439970055,-1.4885558809230182,-1.7390826960619854,-1.6992435627877427,-2.0248885232979394,-2.0707655329408423,-2.0444794958776273,-2.119527528374123,-1.4445793363003843,-2.0454822531307446,-1.5606404808637315,-1.6188451669942512,-1.4070533786368136,-1.200001813666469,1
-0.6733226373770284,-0.3340702863531215,-0.83408817020245,-0.26873155205679433,0.44052652376156975,0.05849247286545871,0.04882829625529551,-0.07269281039977424,-0.5187561095011272,-0.5805560482483748,-0.6037754344733608,-0.1963559715939032,-0.11512573131186014,0.7669785421236037,0.4197693710401675,-0.14549201111116997,-0.27528663473383064,-0.8020635721513846,-0.571499070531214,-0.5398876658481855,-0.38947635601379194,-0.3795813195472486,-0.9153764165550264,-1.0673514782211595,-0.9268434099345445,0
-0.18560260578621146,-1.1373481617421854,-1.7873689638290438,-1.4138879415974626,-1.5416668855089697,-1.5789683580430662,-1.4402069603000622,-1.7817452040903667,-1.881875685541975,-1.1718833945397882,-1.053313221610147,-0.9168669739892962,-0.9129219392800358,-0.5526747557470604,-0.5789344539380268,-0.7492821806074539,-0.9092523669138467,-0.24843980084705966,-0.42823977346834496,-0.2893529450606228,-0.20563919568496697,0.03560314471510803,0.32724466536518915,0.5541500808265276,0.06592780515022523,1
0.5992326050232069,-0.1490991081533377,0.02833431820155763,-0.01732810227761744,0.2896604849396235,0.3975965095299481,0.49008505423597015,0.45022790602778134,0.4226414803394053,0.6929758101449478,0.962425610136603,0.37261955915061296,0.85954151513349,0.7822366206759206,0.5819784742106264,0.2764172076772142,0.38464670171711157,0.275419692911432,0.22352715679738683,-0.02845690273999618,0.1904039343523537,-0.5373342128952233,-0.0898149800625464,0.2687057128940532,0.24020189932025407,1
-0.496666203135238,-0.5215705040620261,-0.6746782787636575,-0.3975301273762142,-0.9009162168401686,-0.992396968402437,-1.1743593003535582,-1.2266507236794855,-1.0354758788037695,-1.2124250905406064,-1.3223964769478007,-1.114704801811517,-1.0747330490558278,-0.6695512788045562,-0.14168576803074862,0.2944680641385144,0.625630804664948,0.9429067420358264,0.9649384128529621,0.7074380043252887,0.16689529853229898,0.15291734339695812,0.00331227741964199,-0.6500267058192909,-0.7806586568226719,0
-1.0892787739746128,-1.2110981704522057,-1.1310188617430246,-0.7284163614886253,-0.8873472572360913,-1.2530031095528094,-1.1816947006118228,-0.7920575614151046,-1.33934168583718,-1.6666586058856343,-1.418532024338796,-1.4298408166036771,-1.4075356689608465,-1.042724184805132,-0.3437682928199635,-0.1094127677046138,0.11736841690695382,0.015668806901144604,0.1880113222781374,0.03873395177283238,-0.3895314713995442,-0.3040999781462711,-0.5571021196331342,-0.45433301632826084,-0.36777576437587606,0
1.521333502959386,1.0848138112231651,1.3645076168185353,1.1456160431736402,0.9440016636584467,0.9268414396661984,1.2119176350526817,1.557768840325676,1.7480466968318344,1.5387419473097543,1.5833961896497089,1.8741800291331707,2.073889997776129,1.8439644071691146,2.09177652873055,1.7066399312547573,1.5903112276897573,1.0917434673660709,0.8742753375397883,0.8606229344764251,0.8022071244829423,1.0547017370007346,0.5669250651746589,0.956935162654446,0.4521051591925094,1
0.9820581672154458,0.27791874098184577,0.4153105714971756,0.19479831441868933,0.16032334549005933,0.00842771584485294,0.028531049387491597,0.3037188219479392,-0.019117297065122413,0.004542129888020344,-0.033950674201232045,0.0407362599676139,-0.27362932150778957,-0.0763641254799422,-0.2984814937643113,-0.08985034040475018,-0.4042632093797898,0.08734933330341635,0.20117204412831918,-0.09526695424662919,-0.23623814184384556,-0.24840028139423603,-0.12377363925379548,-0.047685037804319035,-0.4664587608909146,1
-0.5550114610171897,-0.40459623981323267,-0.6171159876819559,-0.2230109171635874,-0.29534266573078516,-0.26345570731264834,-0.5338089212813244,-0.782912908154008,-0.5418765677551236,-0.17840028174821235,-0.07191804987643266,-0.5242958450699106,-1.0035475683914687,-0.854828095017331,-0.26574270030269326,-0.1334516616384621,-0.1675846401572988,0.13987442689796437,0.37801249723974917,0.25972445994631255,0.3431496822615388,0.3572008667708426,0.7293952256562398,0.9211711880281764,0.8898295903373084,1
0.56562568381932,1.2916543313708801,1.3458417325700167,0.7407447810738894,0.9179846493983532,1.2015014171567873,1.3290287037609092,1.4732072429905512,1.4920777987339684,1.5880138310717955,1.9557595682765792,1.821570093962943,1.477638101008256,1.3750964397348409,1.378341686811943,1.3034660840902157,1.0513068742372824,0.9704162222300985,0.779149588056844,0.8098618920496784,1.114703035676732,0.8888021501204314,1.1803597165496338,2.1870628010590614,2.0414688921585356,0
1.1027399646693163,0.6253648575618524,0.25105818012828524,0.38916330551917755,0.35765671074534855,0.48248230162621863,-0.11284664622342372,-0.19803780256005687,0.16266002087153647,0.005304690768318826,-0.5028348850460076,-0.06498122847964725,-0.1853648402134605,0.13721091562502433,0.0002551924799628763,-0.15033927289071705,-0.3145480058839757,-0.6408495409459352,-0.7897459856475391,-0.3481285260297033,-0.8326580404416821,-0.5623494265436301,-0.7739293339330818,-0.915639302337569,-0.9812412832953168,1
3.3459439785508733,2.713437837751397,2.6513846831902366,2.5779888894788114,2.8254654178558773,2.267825577390139,2.0776844869977977,1.0762153222026878,1.0407640826019602,0.3168231212294622,0.561183057743393,0.4661379955287636,0.6088359997639183,0.8402694223968029,1.0159729896305694,1.0220893433200353,0.7109521331220392,0.3390559379643353,1.0354865934676603,0.515486584397563,0.15553167367985665,-0.40811312470202415,-1.049258840353254,-0.8943907684218221,-0.7973478415348841,1
0.5401292546673173,0.8401008955118007,1.006054703578727,0.7773348700738147,0.7270047574926245,0.8533144191057979,0.6316407442926377,1.0183028739789017,0.775267312161688,1.0221342579653432,1.1413565178169112,0.6252562672444489,0.6599051360997757,0.5368117438945933,0.26759286785851366,0.39002283066657434,0.48502018017365606,0.742319306073016,0.471358714239806,0.5563602133524085,0.7114819317515053,0.49997057368587305,0.4220708786844818,0.1662707515416955,-0.45071161912448143,0
0.6451724358357906,-0.14495235425039588,-0.012507925626819516,0.10796350671938643,0.13933951789269614,0.2969759221664601,0.5153040344113422,0.14473388897915523,0.046561720790365066,0.2644474414937072,-0.06769001989708984,-0.16866940277702486,-0.5717530166170215,-0.5966707554824047,-0.7399209638065907,-0.705786321039085,-0.6538271149266855,-0.7095853804670986,-0.7700246045111361,-0.8028729204683395,-0.5420480176551714,-0.2948782830397575,-0.22210745692353137,-0.26825676430102613,-0.19849589820288013,1
1.9616947115685104,2.246181264882082,1.7914404890726578,1.443689759510847,1.8610308690791502,1.9687781012342886,1.5569188254659898,1.2792114118346962,1.030679722327837,0.6885794862306989,0.7600381738500667,0.24452405280374825,0.33321185153082605,-0.5072656591796985,0.06141027867238951,0.378055362347257,0.4788795761673038,0.25466983386584247,0.018262289850768366,-0.1475839647529828,0.14230340637278072,-0.7524980189403487,-0.6891028971424871,-0.514894892463466,-0.45727659488202865,0
2.6624496836891316,2.1222949368264588,1.9053068856548276,2.222346663438196,2.170474160038307,2.3146095124838704,2.2919394447831087,2.287728934325296,1.6453203678727897,1.1764065621850568,1.4495866322698412,1.5968345620073525,1.51615317522406,1.6271927090060316,1.441791651079658,1.7213226916263333,1.8387110764946253,1.2891810316499692,0.9109772952859616,1.3348175870133256,1.296583647968802,1.2373679411884468,1.2833727784358147,1.1615159366416405,1.1824683965537954,1
1.1218980770173594,0.25099212171068286,-0.01082465814387551,-0.015497901799858771,0.2015498665847209,0.18589488492264453,0.4273651547610601,-0.06209588400109847,-0.0569829739448135,0.13093727364683647,0.23451976029662322,0.25151905782115364,0.1741970393860023,-0.138634190033384,-0.1343606052722473,0.07760093794767006,0.3330004658791891,0.3225110033346117,0.035288272208281124,0.32538035632480083,-0.29365121131170446,-0.7185398494011316,-1.1000712660961693,-1.6832707262797566,-2.118882294068837,1
1.0737237234362906,1.1715229905839355,1.021544327495453,1.2103725932293612,1.631576834934101,1.16575645587402,1.335024760590416,1.1635733303104938,1.223259927508215,1.269749380960766,1.5659310943141,1.1485647895985536,1.4003179362205675,1.2710476236305095,0.7965117568036026,0.9605598051164561,1.012939804923505,0.5232258650151229,0.40068913927306365,0.5553593853085363,0.4879571687466137,0.3955936764374693,0.19426014790698767,0.4518361607839031,0.41668739376329234,1
0.99302009187662,1.1219395458355923,1.4857859683296402,1.3715206052313569,1.1512653690592773,1.1035110183608008,0.9798078591004318,1.2253993359800484,1.4383101649350427,1.0484479474795394,0.7401952707453276,0.138333894147884,0.46328855704404576,0.38612439336730947,0.6588416044225346,0.9326710308829026,0.6147629336710309,0.5822630001965322,0.5768962121885789,0.46510515285883886,0.29947755236047957,0.8117419639322455,0.526565815140387,-0.045106994051260875,0.19788040523023226,0
-1.7909165095394686,-1.8164051538398653,-2.394305919252834,-2.6405073617903363,-2.3342140686832633,-2.2942580798419923,-1.8031923814646258,-1.8876819185194627,-1.6534726010945293,-1.8554567823442536,-1.7013143651833815,-1.0206298451281004,-1.163384837986905,-0.9822221203870791,-0.2992099752863958,-0.0879890705722635,0.32365415641538875,-0.07863203130734284,0.23822182652195778,0.15779278843480898,0.3462292941045631,0.7285413235923811,0.6437763911254,0.3006656967013712,0.2412664000530836,0
0.13863919483984372,0.4965091585096671,0.7459769560274809,0.7011908321371425,0.77502732503986,0.9109655885023652,0.711942215965345,0.5650918951907061,0.6529381480100226,0.5364730557156806,0.9422701746818223,1.0882158881461255,1.780725144576952,1.9823743571872656,1.4419169806387755,1.6993612956726907,1.771077046005069,1.8245212181701367,2.1963850942956356,2.356346931583973,2.25855303114792,2.071486024205101,2.4455615535383313,1.7162136421381533,1.8365773613116603,0
1.7232200619831721,1.999020086590674,1.9703260699031668,2.205346168790387,2.2818770746733654,2.2508150337889625,2.4816609619683283,2.3277337811939462,2.597706617492606,2.139149307180333,2.099207401549676,2.159712032084076,1.7313528796092197,1.6244180191084052,1.764508823282988,1.92040164878938,2.009263827797211,2.2043059574060666,2.3355125263000054,2.0092017313623205,1.7949266105099875,2.214401387998376,2.3036607743921387,2.0197147323831723,2.476428948479428,0
1.9433454960305878,1.1012587599835446,1.110050812111129,1.5221776577551802,1.241599223856275,1.2832941674026193,0.9732975090053393,0.9121427463226488,1.328554543479539,1.270477316771903,1.2878560670317734,0.922291096264536,0.8134240698144355,0.6201148319681868,0.31292517584089546,-0.19733851371202443,0.23643112437431618,0.5680219370952073,0.4424675541690765,0.21170463495298802,0.3416229237053964,-0.11325000289163888,0.3338850592525864,0.41113368783087967,-0.08774710052525841,1
0.8301569711714628,1.0677977041040358,0.9625894173237124,0.9314062867221994,0.44546200846401574,0.6179713679137049,0.7680072249390764,0.6253942162385556,0.3360173338767962,0.726866920612739,0.5235459038970466,0.5391336111869723,0.5500355029265885,0.5858503083194058,1.035078184988311,-0.12138660258340528,-0.5544190362069039,-0.5780891470498637,-0.8009659106679851,-0.8163262951128581,-1.0876680324968981,-0.9221611328044825,-0.5379171402453619,-0.20192108266925357,-0.7632984310986073,0
-0.2105012814649057,-0.18198564885287338,-0.31648140192156676,0.21870195036707982,-0.173025256969903,-0.6144948933649419,-0.7511897104568935,-0.8473253347692706,-0.7830509625092641,-0.7637838163872975,-0.6454308632148753,-0.38847375251340616,-0.23053127337213628,-0.31775876069981096,-0.15904907062031468,-0.22046428760894182,-0.6513729343223708,-0.8000991123665024,-0.5934089338878721,-0.7733481423574202,-1.0536862605643542,-1.1682692669693608,-1.083599236476485,-0.35464685792275125,-0.7118036484748729,0
3.8613963039868495,3.1435975094721704,2.8311438762629035,2.349001685165575,2.294339662150671,2.667341388445285,2.554916993449122,2.743463547242377,1.9851658152902563,2.451247990536484,2.2955545791956578,1.7992770308231167,1.8389789905341587,1.9267892389527945,1.7583351257960982,1.2796090272818674,1.519160836466257,1.419188659387638,1.3833980684469964,1.195576868559377,0.35434199846117853,0.6101651619031172,0.7380450892575126,0.4965098546396252,0.0011184992519071082,1
1.0569340373224612,0.5377428795230351,0.4635253078249048,0.4623104742546609,0.42377181070361986,0.5801128070448874,0.3781515177747934,-0.15345147582971003,0.10987766143440432,-0.30216025758712184,-0.7060169350138134,-0.20120778928752803,0.1773092650021029,0.3580634029148584,0.4863856187610999,0.09420827646465013,-0.424206882082102,-0.31297096341040487,0.08706271348365316,-0.03304144117412973,-0.5499560087696522,-0.5343242328899939,-0.2663461359106172,-0.3403667030874662,-0.4652855648988066,1
1.6388816944031703,1.9048490512805136,1.3345979454302865,1.2764197495365321,1.2623762612240201,1.6250011748104642,1.9416414336151344,1.9638394670684678,1.894538420131607,1.6247581286584203,1.3660405366391941,1.4171960851945211,0.7215141743883404,0.8236911178863747,1.0132395329413302,1.136034149043653,1.2588124856760592,1.4754822026175556,1.1606854413513554,1.0789209172775585,0.8347461084652579,1.183667044557248,1.1685483954340934,1.2339391883341002,1.588097157671112,0
0.368337853301798,-0.14778971488239967,-0.4644526556041069,-0.31697831938051046,-0.2678957638204531,-0.32803416392797535,-0.09775059984999379,-0.4527392144081399,-0.0012601027100179324,0.19149306271107905,-0.035394459748627066,-0.09707776046032963,-0.20321020654954164,-0.5693458658654023,-0.7185069164487057,-1.267511072739989,-0.8190883535114244,-1.1033628824916786,-1.0319909074981066,-1.4020424991180747,-0.7674921750304484,-0.558938325869507,-0.19585943331016883,-0.4165781693660089,0.3387946948429327,1
1.7169618668496243,1.463850752281153,1.679289270356716,1.3366019812535836,1.2241414305800133,1.4218660489034685,1.7225125955834832,1.4652459890231508,1.5971819287890534,1.3072513191224342,0.9542611581909616,1.408975038210781,0.6759349020281473,0.8230789399422842,0.4151758152036493,0.22148718590208233,0.17184194322901333,-0.0019030308779725003,-0.12139822830645708,-0.710399047593945,-0.5912012923710139,-1.2279976294284134,-1.1313706631845548,-0.9472166814343274,-1.649514442104951,1
0.8888232954998575,1.3753545034402836,1.5046818909600166,0.9616160343547888,0.6866672481903544,0.34595208396017235,0.018195484383597065,-0.38368583108657855,-0.7460104126945283,-0.9124263611215174,-1.0872289570563534,-1.0140545025245002,-0.9466292379144723,-0.9075418674471892,-0.8143514837778827,-0.8554781010241258,-0.14239339157524755,0.05292406913421584,0.7135833742070427,0.44487626624618715,0.30318255227815205,-0.08125223442378905,-0.09810382816413045,-0.46935058063258017,-0.6579748402543757,0
-0.6041330196700441,-0.8881982091965501,-1.457251747938686,-1.6963892939946625,-1.6731410289162956,-1.6981694915288708,-1.704700362399326,-2.2823307103840387,-2.328619286005798,-2.48037813906647,-2.138204475659809,-1.7339525176899908,-2.042630613275532,-1.9095452801510464,-2.250224015275081,-2.1599350474287844,-1.5176966593716845,-1.4797829569116066,-1.388899599301299,-1.2133896229461139,-1.155786979647109,-0.8271736658932175,-0.7617208673916688,0.02856543297878851,-0.26449030021344017,1
-0.9836835076390344,-1.5089858953917648,-1.4137672681424271,-1.7230636669407051,-0.7801364573372953,-0.4017197539673767,-0.33504241087189035,0.17918407160787653,0.333975608855968,0.40207718795078506,0.6711433275293069,0.3340770291296537,0.38706915202523934,0.07384404336627752,0.2353342330308914,0.4719228747432243,0.28362908541016707,0.3856179083257787,-0.026079926780535473,-0.2816234206523351,0.18784849277806212,-0.037893518150305394,-0.2490551870251019,-0.483661680917641,-0.5696530880271369,1
