X0,X1,X2,X3,X4,Y
0.40269002220031613,0.8636543624752151,-0.9464171065776588,0.09901626913694928,1.2454056618030225,1
1.3333775024489274,0.12470093436256718,1.3324851242090434,-1.4361089794920354,0.27247389754390217,1
1.2285759497692232,-1.1497680192964745,-0.3447155606032363,-0.9134032046331986,0.6703382872582444,1
1.9453467100754123,-0.3598159558647084,0.8715946182850451,-0.7226019662797428,0.12948523132241357,1
-0.24352463142311376,0.7370564030972594,-0.49606144582527295,0.8719574547612353,-0.6649978499930049,0
1.0755030241069823,0.9446881460909522,1.25758283646752,2.2719223803095767,0.799905011640687,1
-0.5670914444938557,-0.7578611575305658,-0.7375865563913351,-0.8043735771460246,-0.23209129783148044,0
2.082448457638707,0.23512993530709714,-1.2154999327581046,0.8146743380444293,-0.8731916293307154,1
1.2013576008219586,0.7023623595098386,-0.7311470277040983,0.6557360295242698,0.7580917644704501,1
0.3208670458971783,0.821615329967422,0.798186510461437,0.4671730623629625,-1.192686696011902,1
2.218594136259185,-0.613527099821932,1.3980578176251641,0.43436568983466184,-0.13042377990801024,1
0.7710992970198985,0.6247713207098571,-1.803872549566932,0.6381925667771116,1.8678779594675925,0
1.2497126474929159,0.8034405389626048,0.7588284295042209,0.12793494659540128,0.07256321881432742,1
2.8433053802345025,0.8201880029629773,-1.5157726175044322,0.10539729600060996,2.098064616093794,1
0.8943332437070606,-0.18653655680569425,2.167748727174807,-0.806004980486047,0.8955719989522903,1
-0.3852806501838091,0.11823233773542818,-1.0403018483933733,0.039282536416342995,-0.295520753432249,0
1.0442832904560906,0.5420461204725876,0.5714380053312431,0.5819386778767491,-0.602211783428908,1
0.6911381396026699,0.2952870116604197,2.315664006045775,1.6055354691331065,-0.27703901438266,1
1.6281350314498408,1.2759024694336354,-0.07167042000387153,0.47790215325485647,1.3552326434755895,1
1.6367977524834665,2.244468032360103,-1.0333607906116018,0.17371697643813966,0.677453295470958,1
2.6633772683761414,0.9381970912355541,0.013438490739583309,1.306215328891725,1.0096590982709832,1
0.8401970603050996,-0.2927789849762815,-0.39962711114077626,0.3992676344024162,-0.48731710767456615,0
-0.25167539213034207,-0.6649656721710502,-0.04855839327989395,-0.18783218766520296,-0.3142377742952741,0
1.430903301521726,1.9462187148395318,-0.46566558421727716,1.8772626224761586,-0.4274203868275314,1
-0.21683946254921466,0.8800202215031098,1.5707054499357127,1.336047677821583,-1.3968362667649372,0
2.2677562663526514,1.4090329009240885,1.3632461979809702,0.9906102144274322,0.12961342449815322,1
2.418649953430924,2.1171024336931166,0.24447544940775118,-1.2815655672796489,-1.2955284172914305,1
2.2796058475109717,0.8508799396600518,0.6368479023467157,0.2268646243533589,-0.15858902465472052,1
1.284530226851531,0.044634073795931206,-0.3116397096557177,-1.9384003469346394,1.3247833381037701,1
1.1128637999898712,0.2005109026728793,-0.4790003732003551,2.533002257930135,0.46562391180460294,1
0.6620491682271004,1.9141998854218596,-0.7145769854894553,1.1704725528670825,1.692497298249885,1
0.8949813457318847,0.7683048905370117,0.913235281507426,-0.7536880126224974,2.0535301405039195,1
2.7526181325003565,0.5341145079652537,1.040706750291239,0.6620672454677585,1.0215513826207892,1
0.8866547526158369,-1.1333623829396176,1.490836657650213,2.411703237931882,0.27683611222249405,1
0.3577261777581593,1.5631900672638215,0.31154120999219853,-0.3332533758877798,-0.4948012646130921,1
-0.15726297928299182,0.10891450483524562,1.1445824553557495,-0.6900810448255948,-0.13049082607176116,1
0.2066413373581809,0.41574200721285226,0.2470289184240168,0.9642692844806308,-1.116397007609856,1
0.2900942577029531,0.8044486300275012,-0.8308784350919391,-0.8310986697922385,-0.8962557950113055,0
0.08195594648804644,1.1902856315196595,-0.6724065336019633,-0.8313320919814253,0.6655239889614595,0
1.0034989212935082,2.5115403163179084,0.7186794307011517,0.0013272301175378531,1.349474837763364,1
2.1343385999398334,0.15332037869483484,0.07606973955484553,1.2920946466953063,-0.9287233758462159,1
1.3435865297519922,0.14787903466244912,0.508928401344177,0.14239603333305395,0.5132877663358142,1
0.10620292499406259,-1.2250553081381708,-0.24061551307093715,-0.32988539890862123,1.3638110509540775,1
0.1092807723648781,-0.3412456243068023,0.6973127702285571,1.2918422501391569,1.3065029303826885,1
1.0640977135140175,1.9321037314327052,-0.06537358295638152,0.008200795358572543,-0.536995003304553,0
0.9751064439470114,-0.15159727912409582,1.8080110803919,-0.10958097080095142,2.3638193847432265,1
1.439979932828316,0.7752481100767539,1.0013440670850533,2.330352767990027,1.161980724602275,1
-0.17681893343579427,-1.2459943139823273,-0.9087722924241688,1.4717705701185997,-0.8312465670943313,0
2.2981005067839355,0.11235012200108824,-0.5862444391861104,-0.9277219262385472,1.850066236209899,1
-0.20110430920284883,-0.11304715944847965,0.8511769118126662,0.3902356785615417,0.7165535416262063,1
-0.9887478256935551,0.8689650714425574,-0.1634916396147144,0.7565422224848505,0.34012241344466004,1
-0.14070986305249245,0.30935059303644175,1.0057154351415614,-0.10261373096469756,0.9612024758011122,0
0.5818294859627053,-0.49882541606575603,0.6405298236081812,1.0987554027406317,-0.6146059350433746,1
0.30771321181206146,-0.2627387060177663,0.36355127143101373,0.9933339820390997,1.6270498223703111,1
-0.09323992609133036,1.2226188699063585,1.0453193011846618,0.2032745109561149,-0.6365399646353891,1
-0.18638882584537075,2.369435646233013,1.3090948061227607,0.40130501147903874,0.7068449553411373,1
1.304845017632038,0.8618792169502849,0.40773754937896173,0.07326432633095001,-0.6895419204522346,1
2.68582411229802,0.4336576138504317,-0.9952087050743061,-0.12348429116562665,0.13351037797037768,1
0.32261337068621543,-1.4795057926405288,-0.8619976835172967,2.665425227672402,1.2221994280621513,0
1.9968679541491103,0.03780408167790911,1.3968962117173083,0.3719616163183781,1.550452883097994,1
2.7039024781370005,0.03211183945235696,0.12802637347418094,1.1252736584565275,0.28178094918080754,1
0.7447627275008142,2.2387518442240015,0.7599515893728954,1.2335868164128319,-1.1480701114918246,1
-0.4361698297952521,0.20151800299942435,-0.281601386591152,-0.905348460768794,-1.027815682353327,1
0.9271592836764868,1.500840071350026,0.49550689214556976,-1.1144556675505375,0.18171999501242675,1
-1.5288508493408524,0.4817337649026643,-1.6810269417190735,-0.8299141734501005,-0.3827062603095347,0
1.4801675750374743,-0.18236824996639434,1.66632817532801,0.061456011126156396,0.8590593184473747,1
0.7473632301142472,0.6900122254108081,-1.098732074078607,1.0426123272342032,-1.7497922928842844,0
2.344962267093978,0.6630061308580976,0.8068723976400665,0.33767428091955354,-0.37018046827759116,1
1.6228606539985377,-0.8851529144128778,0.7049014296671738,-0.2832137257360692,-1.2482437578034082,1
0.9256964689712733,-0.04766403808013364,-0.17870750322214884,-0.9687619411675659,0.7389207430834446,1
0.7976793617075756,2.483784187894095,-0.22781238542456034,3.311339221943401,1.5910659049108935,1
-0.4305987883865651,-1.3508595477623995,0.9646721909178917,-0.9101832798061555,-2.0745126518331203,0
0.5424198212456882,-0.4645104987895794,-2.339002534416694,-0.36633319858435676,0.5578505189423075,1
-0.5531142195908383,-0.6318271222322271,0.46607440655398213,0.9360030533963362,0.04228855279460774,0
0.3587781307763236,0.36619076261151784,0.43279441247240263,0.32850472949142484,-0.3609346244205293,1
-0.02414173387339913,1.4110142164986152,0.2509110256608448,-1.090467350771654,-1.178805976346709,1
1.6188165265445864,0.40844697180934053,2.665696722970813,0.26870546403719386,1.1938820962781986,1
0.4538822107853193,-0.1711740364040415,1.2097809412179101,0.8273374995627802,0.6381778142239114,1
1.7468941321717741,1.085922790028722,-1.4005420575024479,-0.12664784389788475,1.3925784314110876,1
0.6197963367235435,0.7049893292549576,0.14969689314947515,1.5009659203987604,-0.2932895304513142,1
0.2610032955906657,0.93087156633516,0.43621931583665874,-1.3097425061336831,0.2175018274238717,1
1.2386616136010182,0.12283646599996434,1.3753820299962844,0.46737634226714153,-2.085000579780731,1
1.1452302684087512,1.7517623938072278,-0.5714009971132064,-0.5678826908403699,1.085389196514296,1
-2.1834393221165023,1.8477794532891543,-0.4138571185034267,-0.8170077265304418,0.041584434049311336,1
0.45970209803595563,0.6183414561318146,-0.03390297462877644,-0.3740905802271449,-0.3691283588703336,0
2.04153659313651,0.9933087107109042,0.621689511059755,0.89681025825169,-0.20704787145922307,0
0.6209452236411225,0.7114493547728366,-1.186924782617129,0.33750005750208467,-0.7525548224892149,1
0.7969074872201709,1.6201475281014224,1.365396837696131,-1.3364514096675901,-0.8347546734942588,1
1.540529698782609,0.2617800581434521,0.9798207083972672,-1.0448013010567174,0.11790608247312195,1
0.8214773919563192,1.2715496123093182,0.6727207005513123,-0.5679224843616121,-0.9680161620618024,1
-0.3715892823966723,-0.7907397578839682,-1.0496902754899975,-2.1678280420856226,0.5841453482060759,0
-1.22088611822406,0.24033794387844454,-0.6310782873751125,1.198806361100486,-0.5533400267001385,0
0.11444723817460234,0.7633313289078044,1.5865301649093704,-0.8003074502983298,-2.1013055721927056,1
-1.2463064093929535,0.23137806981544623,-1.5783606911959396,-0.5611353149296694,-0.8146727878503783,0
-0.9058468038392666,-0.34668027679693403,0.592609314036175,-0.08618716054610154,0.3726155130824259,1
2.199284139549553,0.8443784671863935,0.12637383283755926,1.3387181287759193,-1.7028221173444786,1
1.6615778030928363,-0.7565602706435852,0.5729090770468382,0.5194510152465008,-0.7225296567146464,1
1.9246125442663642,1.0948580778241563,1.362231877979719,-0.16142064312546112,1.0267898289055601,1
1.582293848676743,-0.12363735774864781,1.0360216659028818,0.9434468395060298,0.26589583763726404,1
1.0572155411095947,1.161870104917376,-0.5594961239860574,0.43774046177208603,1.2702359830749237,1
1.7677917562887129,2.7061163865542412,-1.1090396690135371,0.1554520435628507,-0.8074385203784007,1
0.4518011028845754,-0.12311654671133909,-1.72010237397623,2.249865495552438,0.28465390467825585,1
-0.10460661749343991,1.6226916700247922,0.8081502360571173,-0.3445568997535797,-0.8499830827956629,1
0.24752658474670408,0.36117376028865983,-1.7118578060047753,-0.5710638103927999,0.16361648082300773,1
0.6812450256914149,1.763695054342981,1.2276154526891445,-0.7447153557068397,-0.11750086560830991,1
1.7553244668807655,0.9963381279047736,0.39549090637903794,0.3215652741300179,-0.2132170805124453,1
1.6061650458674779,1.1078850596951995,0.19676535649746862,1.79716881847673,0.8388150182779625,0
1.2112144741269195,0.11196029810707897,1.942323555516696,-0.29643720560748676,0.5837113876432721,1
0.13375342192461045,0.1521176186247778,-0.4424158984707629,-3.0439753081665626,-0.21934258274652751,0
0.45489200594654355,0.751725288446912,1.8513220971790891,-1.1191454662780966,1.1585393824416912,1
0.6992348791744734,-0.09953148196214479,0.3885967382269567,-0.15647092651278882,-1.0016827724257547,1
1.0127624818516845,-0.4084279078835986,1.2858826899792553,0.4451725395463074,0.6316456275647144,1
1.3354254594555959,0.025104000657756087,-0.7107592644661971,0.5120204856413576,1.5426747219275943,1
-1.0890938279063591,-0.8463727467280628,0.21996980533992117,1.759025944644033,-0.5340401360633303,0
1.2037114603940333,0.2562415907218226,0.7712623078985683,-1.8926155288331117,0.3281734560158892,1
0.952938305864179,-0.3792177478380988,0.27435525579157927,1.2244248814791687,-1.1471094237028858,1
2.0119304284631703,1.6693542911869093,-1.0567663172309936,-1.0871455705786177,-0.27434004326978817,1
0.20366483493913123,1.1823786408400832,0.2549328229765036,0.3356481866398324,0.4104271583629402,1
0.889445307910194,-0.14224999506581548,1.0866097803599586,-0.1451877913241436,-0.4648944994645919,1
-0.5211932312187975,-0.13291351290818942,2.1653598622023025,0.6414422755344038,-0.5008049543163202,0
1.8800657264710616,-1.5002565538370187,-0.5167565041173973,1.591918897382478,-1.9961992200293701,0
-1.1646625854429007,-0.3938845216580795,0.960239030005851,1.263368972557226,1.0804609418695004,1
1.2195339648549508,0.7486123298118239,0.45594492470020376,0.5963945998867508,0.6047125884114111,1
0.8703399528905634,-0.35235685030564057,1.6739007106158716,0.4366370159822676,-0.6033986149165245,1
0.3709221367187329,0.5694914676930115,1.93868972855232,-1.2471079603539867,-0.39979543734705175,0
-1.1724841188331911,-0.9747107224183822,1.5874910561400455,0.7699964786463466,0.8521959546343388,0
-1.2305783854531573,1.709316738217903,0.6259641874280881,1.3473249673990593,0.6311300782452156,1
-0.3097757506287071,1.1664887164756252,0.8663316008467232,1.602678861353553,3.87401642509199,1
-1.0420748015455952,0.4379650898653273,2.7117839820654717,1.88480057339657,-0.23954505632701487,0
0.6062372522179802,1.951055900020314,1.4008467039419514,0.36637973264064577,1.604792191360072,1
-1.794194677818695,0.8800324868048298,-1.6050531995716861,-0.7817200105687295,0.5310375276235262,0
0.5184574905792965,-0.02497068758616061,-0.8673972422868923,-0.2890603819532258,1.0704747578851415,1
2.292371299312525,1.2794067722021356,-0.34609185507796575,1.6647901646717884,0.6167390189599178,1
0.14214528178930347,-0.49062642536281753,-2.0423151561707726,0.4183912595463107,-0.7241355581696636,0
-0.9766885192796894,1.7156717458842725,-0.2549734831752313,-0.26509835361812906,0.9553340072944134,0
-0.36667777623691955,-0.24021019760835838,0.6766560375563436,1.33274400289572,-0.2745699699297801,1
1.2935452052601044,2.056393154797934,0.21696545718540933,0.2990358672756074,-1.8021377809732708,1
0.81403464379632,0.5434377940113498,-0.8316571315632977,-1.312806970706381,-0.5483161095496367,1
-0.26791646433237637,1.9370510677059638,1.3175493061926467,0.3804295024613775,1.1588174353658944,1
1.4240077166099738,0.5422449892923611,0.19173263975550653,-0.9783052116960551,1.6536795120122638,1
2.583333272261002,1.3123746588394292,0.5534069493489153,1.1073586859965716,-0.30097775132603005,1
2.751179824596025,0.3978868063582406,1.5176469097681844,0.7103505103675847,-0.33015471249833156,1
-0.3228829915118049,0.22151560798424408,-0.34000668038754783,0.8637813778460552,-0.039643474583546195,0
0.580945064651055,0.012503054269131342,-0.2856500020146631,-0.36892310669912864,0.7129680255431492,1
-0.4542578748137116,1.1897392416030894,2.100865769455066,0.7503947534470307,-1.342623894401019,1
1.0391561527490976,0.9954143404997785,0.44248106899564293,0.5742607273787552,1.3483167156045315,0
-0.29067809642100906,1.811498613841143,0.9927294846970461,0.3730929444835135,0.7936796032479512,0
2.0594104129760735,2.4197370837739927,1.5280856200817237,0.39955676984279886,-0.20125013847601092,1
0.048860126023513376,-1.2162439869796504,-0.6787660544597833,0.37662871927440356,-1.3141974595601336,0
-1.0060297439676802,0.3616076798367296,1.197752940537038,1.285469296571802,-0.23917059747330627,0
