X0,X1,X2,X3,X4,Y
0.40269002220031613,0.8636543624752151,-0.9464171065776588,0.09901626913694928,1.2454056618030225,1
0.3333775024489274,-0.3752990656374328,0.9991517908757102,-1.6861089794920354,0.07247389754390215,0
0.2285759497692232,-1.6497680192964745,-0.6780488939365696,-1.1634032046331986,0.47033828725824434,0
1.9453467100754123,-0.3598159558647084,0.8715946182850451,-0.7226019662797428,0.12948523132241357,1
0.7564753685768862,1.2370564030972595,-0.16272811249193964,1.1219574547612354,-0.4649978499930049,1
0.07550302410698226,0.44468814609095214,0.9242495031341865,2.0219223803095767,0.599905011640687,0
0.43290855550614427,-0.2578611575305658,-0.40425322305800176,-0.5543735771460246,-0.03209129783148043,1
2.082448457638707,0.23512993530709714,-1.2154999327581046,0.8146743380444293,-0.8731916293307154,1
0.2013576008219586,0.20236235950983858,-1.0644803610374316,0.40573602952426974,0.5580917644704502,0
-0.6791329541028217,0.321615329967422,0.4648531771281036,0.2171730623629625,-1.392686696011902,0
1.218594136259185,-1.113527099821932,1.0647244842918309,0.18436568983466184,-0.33042377990801025,0
1.7710992970198984,1.124771320709857,-1.4705392162335988,0.8881925667771116,2.0678779594675927,1
0.24971264749291588,0.3034405389626048,0.42549509617088754,-0.12206505340459874,-0.1274367811856726,0
1.8433053802345025,0.3201880029629773,-1.8491059508377654,-0.14460270399939004,1.8980646160937942,0
-0.10566675629293942,-0.6865365568056943,1.8344153938414738,-1.056004980486047,0.6955719989522904,0
0.6147193498161909,0.6182323377354282,-0.70696851506004,0.289282536416343,-0.09552075343224897,1
0.0442832904560905,0.0420461204725876,0.23810467199790986,0.33193867787674913,-0.8022117834289081,0
-0.3088618603973301,-0.20471298833958032,1.9823306727124417,1.3555354691331065,-0.47703901438266,0
1.6281350314498408,1.2759024694336354,-0.07167042000387153,0.47790215325485647,1.3552326434755895,1
1.6367977524834665,2.244468032360103,-1.0333607906116018,0.17371697643813966,0.677453295470958,1
2.6633772683761414,0.9381970912355541,0.013438490739583309,1.306215328891725,1.0096590982709832,1
1.8401970603050994,0.20722101502371848,-0.06629377780744294,0.6492676344024162,-0.28731710767456614,1
0.7483246078696579,-0.16496567217105018,0.2847749400534394,0.06216781233479704,-0.1142377742952741,1
1.430903301521726,1.9462187148395318,-0.46566558421727716,1.8772626224761586,-0.4274203868275314,1
0.7831605374507853,1.3800202215031097,1.904038783269046,1.586047677821583,-1.1968362667649373,1
1.2677562663526514,0.9090329009240884,1.029912864647637,0.7406102144274322,-0.07038657550184681,0
1.418649953430924,1.6171024336931166,-0.08885788392558214,-1.5315655672796489,-1.4955284172914305,0
1.2796058475109715,0.3508799396600518,0.30351456901338236,-0.023135375646641088,-0.35858902465472053,0
0.28453022685153107,-0.4553659262040688,-0.644973042989051,-2.1884003469346394,1.1247833381037702,0
1.1128637999898712,0.2005109026728793,-0.4790003732003551,2.533002257930135,0.46562391180460294,1
-0.33795083177289964,1.4141998854218596,-1.0479103188227885,0.9204725528670826,1.492497298249885,0
-0.1050186542681153,0.2683048905370117,0.5799019481740927,-1.0036880126224974,1.8535301405039195,0
1.7526181325003565,0.034114507965253726,0.7073734169579057,0.4120672454677585,0.8215513826207891,0
-0.1133452473841631,-1.6333623829396176,1.1575033243168797,2.161703237931882,0.07683611222249405,0
-0.6422738222418407,1.0631900672638215,-0.021792123341134784,-0.5832533758877798,-0.6948012646130921,0
-1.1572629792829918,-0.3910854951647544,0.8112491220224162,-0.9400810448255948,-0.33049082607176117,0
-0.7933586626418191,-0.08425799278714774,-0.08630441490931651,0.7142692844806308,-1.316397007609856,0
1.290094257702953,1.304448630027501,-0.49754510175860583,-0.5810986697922385,-0.6962557950113055,1
1.0819559464880464,1.6902856315196595,-0.33907320026863,-0.5813320919814253,0.8655239889614594,1
1.0034989212935082,2.5115403163179084,0.7186794307011517,0.0013272301175378531,1.349474837763364,1
2.1343385999398334,0.15332037869483484,0.07606973955484553,1.2920946466953063,-0.9287233758462159,1
0.3435865297519921,-0.3521209653375509,0.17559506801084376,-0.10760396666694605,0.3132877663358141,0
-0.8937970750059374,-1.7250553081381708,-0.5739488464042705,-0.5798853989086212,1.1638110509540776,0
-0.8907192276351219,-0.8412456243068023,0.36397943689522383,1.0418422501391569,1.1065029303826885,0
2.0640977135140175,2.432103731432705,0.2679597503769518,0.25820079535857254,-0.33699500330455295,1
-0.024893556052988597,-0.6515972791240958,1.4746777470585668,-0.3595809708009514,2.1638193847432263,0
0.439979932828316,0.2752481100767539,0.66801073375172,2.080352767990027,0.961980724602275,0
0.8231810665642058,-0.7459943139823273,-0.5754389590908355,1.7217705701185997,-0.6312465670943312,1
2.2981005067839355,0.11235012200108824,-0.5862444391861104,-0.9277219262385472,1.850066236209899,1
-0.20110430920284883,-0.11304715944847965,0.8511769118126662,0.3902356785615417,0.7165535416262063,1
-1.9887478256935551,0.36896507144255736,-0.4968249729480477,0.5065422224848505,0.14012241344466003,0
0.8592901369475076,0.8093505930364417,1.3390487684748946,0.14738626903530244,1.1612024758011121,1
0.5818294859627053,-0.49882541606575603,0.6405298236081812,1.0987554027406317,-0.6146059350433746,1
0.30771321181206146,-0.2627387060177663,0.36355127143101373,0.9933339820390997,1.6270498223703111,1
-1.0932399260913304,0.7226188699063585,0.7119859678513284,-0.0467254890438851,-0.8365399646353892,0
-1.1863888258453708,1.8694356462330128,0.9757614727894275,0.15130501147903874,0.5068449553411374,0
0.30484501763203814,0.3618792169502849,0.07440421604562841,-0.17673567366905,-0.8895419204522347,0
2.68582411229802,0.4336576138504317,-0.9952087050743061,-0.12348429116562665,0.13351037797037768,1
1.3226133706862155,-0.9795057926405288,-0.5286643501839634,2.915425227672402,1.4221994280621513,1
1.9968679541491103,0.03780408167790911,1.3968962117173083,0.3719616163183781,1.550452883097994,1
2.7039024781370005,0.03211183945235696,0.12802637347418094,1.1252736584565275,0.28178094918080754,1
0.7447627275008142,2.2387518442240015,0.7599515893728954,1.2335868164128319,-1.1480701114918246,1
-0.4361698297952521,0.20151800299942435,-0.281601386591152,-0.905348460768794,-1.027815682353327,1
0.9271592836764868,1.500840071350026,0.49550689214556976,-1.1144556675505375,0.18171999501242675,1
-0.5288508493408524,0.9817337649026643,-1.3476936083857403,-0.5799141734501005,-0.18270626030953468,1
0.4801675750374744,-0.6823682499663943,1.3329948419946767,-0.1885439888738436,0.6590593184473748,0
1.7473632301142472,1.190012225410808,-0.7653987407452738,1.2926123272342032,-1.5497922928842844,1
1.3449622670939776,0.16300613085809756,0.4735390643067331,0.08767428091955354,-0.5701804682775912,0
0.6228606539985377,-1.3851529144128778,0.3715680963338405,-0.5332137257360692,-1.4482437578034082,0
0.9256964689712733,-0.04766403808013364,-0.17870750322214884,-0.9687619411675659,0.7389207430834446,1
-0.20232063829242442,1.9837841878940952,-0.5611457187578937,3.061339221943401,1.3910659049108935,0
0.5694012116134348,-0.8508595477623995,1.298005524251225,-0.6601832798061555,-1.8745126518331203,1
0.5424198212456882,-0.4645104987895794,-2.339002534416694,-0.36633319858435676,0.5578505189423075,1
0.4468857804091617,-0.13182712223222715,0.7994077398873154,1.1860030533963362,0.24228855279460776,1
-0.6412218692236764,-0.1338092373884822,0.09946107913906932,0.07850472949142483,-0.5609346244205293,0
-0.02414173387339913,1.4110142164986152,0.2509110256608448,-1.090467350771654,-1.178805976346709,1
1.6188165265445864,0.40844697180934053,2.665696722970813,0.26870546403719386,1.1938820962781986,1
-0.5461177892146807,-0.6711740364040415,0.8764476078845769,0.5773374995627802,0.43817781422391133,0
0.7468941321717741,0.585922790028722,-1.7338753908357811,-0.37664784389788475,1.1925784314110877,0
0.6197963367235435,0.7049893292549576,0.14969689314947515,1.5009659203987604,-0.2932895304513142,1
-0.7389967044093343,0.43087156633516,0.10288598250332542,-1.5597425061336831,0.0175018274238717,0
1.2386616136010182,0.12283646599996434,1.3753820299962844,0.46737634226714153,-2.085000579780731,1
1.1452302684087512,1.7517623938072278,-0.5714009971132064,-0.5678826908403699,1.085389196514296,1
-3.1834393221165023,1.3477794532891543,-0.74719045183676,-1.0670077265304418,-0.15841556595068867,0
1.4597020980359556,1.1183414561318146,0.29943035870455686,-0.12409058022714492,-0.16912835887033356,1
3.04153659313651,1.4933087107109042,0.9550228443930884,1.1468102582516901,-0.00704787145922306,1
-0.3790547763588775,0.21144935477283655,-1.5202581159504622,0.08750005750208467,-0.9525548224892149,0
-0.20309251277982904,1.1201475281014224,1.0320635043627977,-1.5864514096675901,-1.0347546734942588,0
0.5405296987826089,-0.23821994185654788,0.6464873750639338,-1.2948013010567174,-0.08209391752687806,0
-0.17852260804368078,0.7715496123093181,0.3393873672179789,-0.8179224843616121,-1.1680161620618024,0
0.6284107176033277,-0.2907397578839682,-0.7163569421566642,-1.9178280420856226,0.7841453482060758,1
-0.22088611822406,0.7403379438784445,-0.2977449540417792,1.448806361100486,-0.3533400267001385,1
-0.8855527618253977,0.2633313289078044,1.2531968315760371,-1.0503074502983298,-2.301305572192706,0
-0.24630640939295345,0.7313780698154462,-1.2450273578626063,-0.3111353149296694,-0.6146727878503784,1
-0.9058468038392666,-0.34668027679693403,0.592609314036175,-0.08618716054610154,0.3726155130824259,1
2.199284139549553,0.8443784671863935,0.12637383283755926,1.3387181287759193,-1.7028221173444786,1
0.6615778030928363,-1.2565602706435852,0.23957574371350493,0.2694510152465009,-0.9225296567146464,0
0.9246125442663641,0.5948580778241562,1.0288985446463856,-0.4114206431254611,0.8267898289055602,0
0.582293848676743,-0.6236373577486478,0.7026883325695485,0.6934468395060298,0.06589583763726403,0
0.057215541109594814,0.661870104917376,-0.8928294573193908,0.18774046177208603,1.0702359830749237,0
1.7677917562887129,2.7061163865542412,-1.1090396690135371,0.1554520435628507,-0.8074385203784007,1
0.4518011028845754,-0.12311654671133909,-1.72010237397623,2.249865495552438,0.28465390467825585,1
-1.10460661749344,1.1226916700247922,0.47481690272378396,-0.5945568997535797,-1.0499830827956629,0
-0.7524734152532959,-0.13882623971134017,-2.0451911393381086,-0.8210638103927999,-0.036383519176992285,0
-0.31875497430858507,1.263695054342981,0.8942821193558111,-0.9947153557068397,-0.3175008656083099,0
1.7553244668807655,0.9963381279047736,0.39549090637903794,0.3215652741300179,-0.2132170805124453,1
2.6061650458674777,1.6078850596951995,0.530098689830802,2.04716881847673,1.0388150182779625,1
1.2112144741269195,0.11196029810707897,1.942323555516696,-0.29643720560748676,0.5837113876432721,1
1.1337534219246104,0.6521176186247778,-0.10908256513742959,-2.7939753081665626,-0.019342582746527504,1
-0.5451079940534564,0.251725288446912,1.5179887638457559,-1.3691454662780966,0.9585393824416912,0
-0.3007651208255267,-0.5995314819621448,0.05526340489362337,-0.4064709265127888,-1.2016827724257546,0
0.012762481851684437,-0.9084279078835986,0.9525493566459219,0.19517253954630742,0.4316456275647145,0
0.3354254594555958,-0.4748959993422439,-1.0440925977995303,0.2620204856413576,1.3426747219275943,0
-0.08909382790635911,-0.34637274672806284,0.5533031386732545,2.009025944644033,-0.33404013606333033,1
0.20371146039403326,-0.24375840927817738,0.437928974565235,-2.1426155288331117,0.1281734560158892,0
0.952938305864179,-0.3792177478380988,0.27435525579157927,1.2244248814791687,-1.1471094237028858,1
2.0119304284631703,1.6693542911869093,-1.0567663172309936,-1.0871455705786177,-0.27434004326978817,1
0.20366483493913123,1.1823786408400832,0.2549328229765036,0.3356481866398324,0.4104271583629402,1
-0.11055469208980598,-0.6422499950658155,0.7532764470266253,-0.3951877913241436,-0.6648944994645919,0
0.47880676878120254,0.3670864870918106,2.498693195535636,0.8914422755344038,-0.3008049543163202,1
2.8800657264710616,-1.0002565538370187,-0.18342317078406395,1.841918897382478,-1.7961992200293702,1
-2.1646625854429007,-0.8938845216580795,0.6269056966725177,1.013368972557226,0.8804609418695003,0
0.21953396485495083,0.2486123298118239,0.12261159136687044,0.3463945998867508,0.4047125884114111,0
0.8703399528905634,-0.35235685030564057,1.6739007106158716,0.4366370159822676,-0.6033986149165245,1
1.370922136718733,1.0694914676930116,2.2720230618856534,-0.9971079603539867,-0.19979543734705174,1
-0.17248411883319115,-0.4747107224183822,1.9208243894733787,1.0199964786463465,1.052195954634339,1
-2.2305783854531573,1.209316738217903,0.29263085409475487,1.0973249673990593,0.43113007824521554,0
-0.3097757506287071,1.1664887164756252,0.8663316008467232,1.602678861353553,3.87401642509199,1
-0.042074801545595175,0.9379650898653273,3.045117315398805,2.13480057339657,-0.039545056327014855,1
-0.3937627477820198,1.451055900020314,1.0675133706086182,0.11637973264064577,1.404792191360072,0
-0.794194677818695,1.3800324868048297,-1.2717198662383529,-0.5317200105687295,0.7310375276235261,1
-0.48154250942070354,-0.5249706875861606,-1.2007305756202256,-0.5390603819532258,0.8704747578851415,0
2.292371299312525,1.2794067722021356,-0.34609185507796575,1.6647901646717884,0.6167390189599178,1
1.1421452817893034,0.009373574637182469,-1.7089818228374394,0.6683912595463106,-0.5241355581696636,1
0.02331148072031064,2.2156717458842725,0.07835985015810204,-0.015098353618129057,1.1553340072944134,1
-1.3666777762369196,-0.7402101976083584,0.3433227042230103,1.08274400289572,-0.4745699699297801,0
0.2935452052601044,1.556393154797934,-0.11636787614792399,0.04903586727560738,-2.0021377809732708,0
-0.18596535620368,0.04343779401134981,-1.164990464896631,-1.562806970706381,-0.7483161095496368,0
-1.2679164643323764,1.4370510677059638,0.9842159728593133,0.13042950246137755,0.9588174353658945,0
1.4240077166099738,0.5422449892923611,0.19173263975550653,-0.9783052116960551,1.6536795120122638,1
1.5833332722610016,0.8123746588394292,0.22007361601558195,0.8573586859965717,-0.5009777513260301,0
1.7511798245960246,-0.10211319364175941,1.1843135764348511,0.4603505103675846,-0.5301547124983316,0
0.6771170084881951,0.7215156079842441,-0.006673347054214518,1.1137813778460552,0.16035652541645382,1
0.580945064651055,0.012503054269131342,-0.2856500020146631,-0.36892310669912864,0.7129680255431492,1
-1.4542578748137116,0.6897392416030895,1.7675324361217326,0.5003947534470307,-1.5426238944010189,0
2.0391561527490976,1.4954143404997784,0.7758144023289762,0.8242607273787552,1.5483167156045314,1
0.7093219035789909,2.311498613841143,1.3260628180303795,0.6230929444835135,0.9936796032479511,1
1.0594104129760737,1.9197370837739927,1.1947522867483904,0.1495567698427989,-0.40125013847601093,0
1.0488601260235133,-0.7162439869796504,-0.34543272112645,0.6266287192744036,-1.1141974595601336,1
-0.00602974396768019,0.8616076798367296,1.5310862738703712,1.535469296571802,-0.03917059747330626,1
