X0,X1,X2,X3,X4,Y
-0.695783073647524,-0.5801925374042758,-0.3761709646527627,-0.11015224140639733,-0.5268102890838791,0
0.06834632199603732,-0.40647455415006256,-0.17831465775698171,-0.5609971055055988,-0.46289767695405426,0
-1.6170396649843828,-1.5921751789448786,-1.2142964119532982,-1.4907590661018002,-1.3885663334739584,0
-0.16096573509062645,-0.2874646816080178,-0.12622455918731387,-0.6028613710305744,-0.42159004529557115,0
0.23504724445288713,0.40154915037074185,0.042016837492776654,0.28111445851148875,0.1927296117162568,0
1.4305921447863417,1.7332764023300178,1.7542509871133232,1.9832105536008147,2.11534522392617,0
-0.31731783373205613,-0.8984042989094985,-1.005358287428024,-1.0491969761644733,-1.0616917127062437,1
-0.7425603605049175,-0.240279300810621,-0.6543355439185983,-0.8482409270164393,-0.9084339824282501,0
-0.3213676644596439,-0.02064833020803973,0.021386566364636803,0.09950045120519405,-0.17052613311085815,0
0.212644403941211,0.019640453471603703,-0.3855562661706699,-0.20334457979530846,0.020443494062552397,0
0.36099587542655626,0.45350149116945737,0.5159750507928518,0.056878130485635156,0.4960033278267012,0
-0.17307474972410875,0.3933370578450266,0.6809055681723086,0.7276420177499229,0.06906335017772075,0
0.4833970897122065,0.3877568452750581,0.3388420343583568,0.24865946507256734,0.24767853215800234,0
-0.258120182540177,0.29872831817095175,0.6589499816185957,0.2887230825284353,-0.4146296009703411,0
0.47347923920702395,-0.004757898810448941,0.4488297083985594,0.21771170132632228,0.5129904492608546,0
-0.7030141296560148,-0.5900618892088744,-0.7365533867824151,-0.5672936244676594,-0.7121926240077507,0
0.20047680414335087,0.2073971610867924,-0.034027663894662996,-0.03339910409463703,0.12235097151843002,0
1.3066130951127488,1.2421902107721283,1.1537368167409296,1.2805338049200787,1.8353813011505795,0
0.5754304550363107,0.7581861862880585,0.9325473578647796,0.8870486876215135,0.4909664387310163,0
0.4432982440078001,0.61667921971365,0.44870042506434293,0.46379391797212155,-0.25068484258632895,0
0.9136511278201245,1.4139942272077024,1.4572149317177392,1.189820814988214,0.9528159986691509,0
-0.11367209518436697,0.15373577463844926,-0.014504419336545922,-0.2102752268407523,-0.15019358252326584,0
-0.5900202525199604,-0.6166325838126029,-0.6048145046887331,-0.6082924074052959,-0.43072817558671467,0
0.8825097125571512,1.3022501963116968,0.7802322442855627,0.9907929807626347,0.7191299141260463,0
1.6620425398677392,1.553266144711793,1.047671955075138,1.2205790987601355,1.5719442840368112,0
1.7610888216918226,1.8440803909425978,1.683801551611166,1.427485523723672,1.4105896271233946,0
0.852647501594529,0.5154010428347254,-0.040895643251760296,-0.5514030987933712,-0.9183119898551069,0
0.7544998305624155,0.8192017055030048,0.6618728882318209,0.2995680749013409,0.2646179463989171,0
-1.047217458479044,-1.3211910303153327,-0.8394609380785796,-1.1650634062120846,-1.4931753661729072,0
-0.052152491742216554,0.649064629669914,0.5591036354819217,0.8436367067846697,0.9163229253485466,0
0.481706441439716,0.7698467121752468,0.8997809254299142,1.2981766031199373,0.698867474285234,0
0.3993498272946618,0.11244877092702563,0.7004738773249746,0.6350977354749838,0.3623215563289491,0
1.1655518634856148,1.3918028314916444,1.5857045072722344,1.1303385818769691,1.1010268948769935,0
0.22958850278577175,0.6431091239720892,0.7862023335766649,0.9186075494899014,1.6453770173220006,0
0.23753021519926212,-0.08215000741105447,-0.35681102824808797,-0.1925544911840471,-0.37020659629145847,0
-0.35637510793287,-0.8334358570130435,-0.7420887028049016,-0.6134980965695598,-0.37636814279402775,0
-0.2800119494069691,-0.24820938749926078,-0.6415044913933589,-0.3614686422518265,-0.10392413551725083,0
-0.21892348060572342,-0.32970059373135874,-0.676280905499345,-0.7842805566092795,-1.0680042456084604,0
1.1890072393383742,0.5557302777440298,0.4452486917126316,0.36724734694244293,-0.21701216261355333,1
1.5132583549663707,1.2805831686519615,1.3871515082876809,1.49944645787969,0.9424862880466851,0
0.13697515314568676,0.5430786823540011,0.1582976866917023,-0.06547615701451197,0.15042558622573293,0
-0.0036280452909305157,0.025710570915731805,0.1664376269658674,0.03052069263705924,0.07838582693508538,0
-1.731729810046915,-1.7010544912536032,-1.1271160789196892,-1.0096463997061178,-0.8717854041469785,0
-0.20297767109400766,-0.03150435568404965,0.35368832613866674,0.6838628882135878,0.9111907418448273,0
1.4256823447811646,1.4014903645756889,0.9785088134461997,0.8042468976811712,0.38242843184531755,0
0.6008578045585733,0.4048204091502491,1.1970662172003634,1.0871659967837508,1.1801369582522898,0
1.3248935095859178,1.7568376261756034,1.874461819685267,2.019110918503414,2.091666104697022,0
-0.08201149212283587,-0.053949103354086425,-0.4417362330667229,-0.34708783134941423,-0.03916412046254983,1
-0.5667641700037495,-0.42252005630546274,0.09020970113094497,-0.3607997889715918,-0.7767991227859555,0
-0.34085642741565,-0.47941497280928574,-0.21111733348108322,0.08613633171608862,0.303594337404636,0
-0.5434508516647056,-0.6205192635224486,-0.6416409413362556,0.034770142319905065,-0.033058836996741996,0
0.8268988448534229,0.6312270171925398,0.9255379505276841,0.9426954467236625,0.9160648400837669,0
-0.40761014105260074,-0.27271202590206417,-0.4074047136573575,-0.28730301543025516,0.1758539915431658,0
-0.3483073835532232,-0.15756631132371396,0.3056945347666051,0.573313019295918,0.6557171708669418,0
0.4680611552806487,0.11186391628576994,-0.14685523318810437,0.14580226917831265,0.24492440546885963,0
1.4749168797300274,1.070378238247974,1.0466808346769192,1.48675581537812,1.2188909129702739,0
0.23888884682736666,0.16231425188430093,-0.12385512815317967,-0.23179594097132494,-0.21460088950728679,0
-0.45063188941195403,-0.09818278781031574,-0.19323736534555333,-0.6486849844884577,-0.9409793862396499,0
-0.5648486363953079,0.3869506807982692,0.6799715238848799,0.8982484760887745,1.131140098981484,0
0.8240320358786111,0.8887177925419933,1.3500567218353259,1.0297484808621975,1.1121194015266156,0
0.3306065191865318,0.8184661629186566,0.7891155342226617,0.4022080483045188,0.4661960654758333,0
1.3864165106017403,1.3184222933448877,0.6828120305967426,0.9427750588968784,0.8764583814012881,0
-1.3980811176907364,-1.763435836593922,-1.989663976535638,-1.749219428994201,-1.6633791486281837,0
0.3472171283648093,-0.0773394160899343,-0.10463508698492846,-0.19640721436770114,-0.49773421030840626,0
-1.4496694403033383,-1.603407385189551,-1.76746449336044,-1.3300884845341439,-1.6768167276439532,0
0.5598075788671149,0.43426514284827,0.7772091355229946,0.5169898643046698,0.7773814634526303,0
0.08291434005479574,0.47558826024040746,-0.24933926265997844,-0.2635845255868878,-0.32960087121798765,0
0.773482021962382,0.8497201312771135,0.6565767228932163,0.26299623257155186,0.3318741612123301,0
-0.6937757119822469,-0.7458656210568798,-0.9361813419207723,-1.3268351404005794,-0.8332491025078347,0
-0.9367234145809991,-1.073699497349769,-0.795536046391646,-0.9257056804542014,-1.0471431031547078,0
1.7059139040678248,2.3673868444371444,2.2731254949246495,2.9137451143559856,2.4409374026763797,0
-0.7754532045342261,-1.171991084717681,-1.460046223420289,-1.646637796683197,-0.9714755884472001,0
-2.5081617014262787,-2.1713328498698776,-2.0382340897103366,-1.9033873290975976,-2.205635318490257,0
-0.028068521708167746,0.08757986705294486,0.15264336145891336,0.3585663043960704,0.668638511261483,0
-0.24433652016110807,-0.3354198348858307,-0.46081439878131575,-0.29882700715252125,-0.15006306279753207,0
-0.2601948949051647,-0.804400094910147,-1.1940323914871376,-1.0413872579565997,-1.1524521493982873,0
1.6643408964677164,1.4036251747713981,1.8016185516301695,1.524008058515057,1.7854201534799634,0
0.14737398422701953,0.1325142693649534,0.3597179307630205,0.5034504130990541,0.8125506731247202,0
-0.47619128348710293,-0.17780820478832748,-0.0009221450942883541,-0.09748125063867577,-0.7284334569679631,0
0.17024830223191484,0.4015196690961855,0.15094395933605426,0.4271210470667687,0.5246559111276361,0
-0.2881906034097815,-0.78554158686993,-0.7050657613095225,-0.6696574051099533,-0.8455681799512389,0
0.3406012748287326,0.1874809658167895,-0.3711342986461496,-0.5458763211603521,0.009986796216418308,0
0.12493779606324756,0.045140331402717955,0.1405082499008206,0.15152279747172157,-0.4646012156834251,0
-0.8823480760531337,-1.5135925469989402,-1.6188331797191076,-0.7321680759534847,-1.102597331573106,0
1.3720578227108982,0.7884558316832269,0.4533970077974788,0.22948458750791015,0.033271255351208534,1
1.8229027601026813,2.095340152862106,1.8354696032511293,1.4060011680903832,1.3014913001906214,0
-0.9854912380895647,-0.8134869195572481,-1.1848685268542112,-0.9949998233250408,-1.1544588019567075,0
0.7741665722020106,0.0891838618148289,-0.17376872146994163,-0.31896340794184785,-0.38613637102851006,0
0.08288831363743447,-0.23485865548292667,-0.11770821704573736,-0.4848007379379346,-0.4345236474124273,0
0.32168793249889915,-0.048345223745346146,-0.3947548013594053,-0.4404176511103851,-0.4681156614677823,0
-1.7445042593096745,-2.0240423748978102,-1.659058868196924,-1.8123812633960084,-2.036548497673581,0
0.6419551891764028,0.3246110126370163,-0.11417736963300334,0.33258701455939643,0.3335472924727292,1
0.20217452313650527,-0.46644635127294387,-0.9856003181440268,-0.9723258500318365,-0.57993377323234,0
-1.4241230856281943,-1.4954486997081802,-1.7687916003019446,-1.4096410987833146,-1.6178070159513798,0
-1.0084314026328223,-1.2961411352088732,-1.0592853575632257,-0.6347926543391557,-0.3738673821825519,0
0.5570483025803067,0.8897205960479975,0.19881227978351293,-0.010952397141975281,0.15555378351335042,0
-0.43601891136682797,-0.26882944210827225,-0.3908027724866713,-0.6630401034130426,-0.2259738709053395,0
1.2502699121458145,1.0878942581209512,1.305748680901106,1.0004315014661405,0.8646137439685148,0
0.40847578558958864,0.5734775137826302,0.6464227004835998,0.49197909773396303,0.7738313191985361,0
0.013034946806014015,0.20142126766793075,0.3566941254635727,0.48229183200116293,0.06045264582495798,0
0.5862211481349893,0.6912154548739179,0.04285155667868332,0.01940709598637791,-0.6311757449191294,0
-1.3060993057216905,-0.5275730438831251,-0.6583213106489949,-0.18468036155050213,-0.21909432761582825,0
0.4070244772386352,-0.07481845831189218,-0.41852565031739963,-0.15669884132452305,-0.20317829337766252,0
-1.7883693764708544,-1.7194500490681013,-1.7465714923733264,-1.5408132543079625,-1.8805701552280574,0
0.9540924766766228,0.42822418232294995,0.30324337438580173,0.2990759490811818,0.13632470180654913,0
0.5548528937058904,0.601526755590744,0.4036929037079747,0.2218055928154545,0.14819028427014225,0
1.8171046828007567,2.34107578831487,2.2861756319644884,2.1472546925150784,1.9007681275911485,0
0.7153858811891417,0.3950424492401119,0.6692420415206476,0.4384147333878069,0.6953292161419173,0
-0.9274029802520662,-1.5476470209455346,-1.446397582836655,-1.8383348264976342,-2.161477114682857,0
0.6652358977075459,0.05012164895427934,0.47443838790738146,0.41442344547644383,0.4034242551462783,0
-0.6329976331623982,-0.772134406766043,-0.9957799324165633,-1.0350345505894463,-0.7579716129467049,0
0.12099180090824269,0.09566171642068802,0.3678837998011982,0.28634217796308903,0.6113578332724032,0
-0.6524963440319079,-0.28766564876865575,0.06738984707158485,0.0609086124183065,-0.16766330089963083,0
-0.3169724422022953,-0.046900485268012826,-0.17320592038692728,0.27132466580771086,0.746832483447362,0
-0.3474827986276789,-0.8568217788014459,-0.625014222592579,-0.9887008922154814,-1.051626727568378,0
-0.4624228452192217,-0.2209810761134711,-0.5568704609705399,-0.5100168539445196,-0.07225014587478307,0
-0.21232783432633406,-0.26558995086707343,-0.5518453540207616,-0.8613299259225837,-1.4417688045792698,0
0.16944229191332105,0.056168296176837613,0.03811714558071699,0.3281040520347817,0.1710977727290278,0
-0.12053042760743723,-0.3253203216542154,-0.36131554170302854,-0.47972739731405106,-0.15096546981386083,0
2.217008228002788,1.426716659665372,1.219545350246749,1.2273294804252504,1.7019053745386905,1
0.5569484873157844,0.7817648342661419,0.06315914443298148,-0.46967466017017034,0.03840343488494771,1
-0.48620401335075797,-0.5307059064968518,-0.15623653541100183,0.5047187347971973,0.8634202208213411,0
0.4179841713471548,0.5001371185955439,0.559918996422109,0.5620589852654404,0.4934642358346318,0
0.24241878036616354,0.08035036903796272,0.023692432680027728,-0.06494568349185117,0.4730057262932361,0
2.311143584094217,1.1920995438367843,1.0210951426001493,0.6035311142161623,0.6864000730920751,1
1.2949215332301802,0.6657466944537678,0.9199224494079128,1.1315272800218452,1.5649060762204476,1
0.5623959782647953,0.4028884876287291,0.3647213155861142,1.205902472520065,1.0976634102106921,0
1.0033974429833428,1.145882750755501,2.0589244303236316,2.700831747420565,2.3301401934749264,0
2.084554216003127,1.8849656327973563,1.802000825047971,2.2120007201043377,2.7822444453405284,0
1.58421975253508,1.3240241801847714,1.5933018555168716,1.7944231561791437,1.489873405678735,0
-1.1466056323799751,-1.3313640956265111,-1.2822963320537741,-0.7195595003342221,-1.2454840746697473,0
-1.2714383723576457,-1.1798653311603549,-0.8850219712559387,-0.7695190655137183,-0.9840470362346347,0
0.8450278144472407,1.3979314145083745,1.2531689764617935,1.1680897922132794,0.8857417836509812,0
-1.4782343847527464,-1.0146579445203363,-1.2963039152026272,-1.22596164167242,-1.336381797522654,0
1.6171320315763755,0.8791129907211069,0.7921780341455751,1.1030437606144028,0.5176325333803833,1
-0.42533516842219565,-0.37031943706112713,-0.43386891215067463,0.005528767383424907,0.42797167741417713,0
0.8121503164367643,0.6809695249574478,-0.09287145650700898,-0.1036111879535014,-0.23049025072185733,0
-1.209731137124886,-1.4259146809278322,-1.5915487896200935,-1.68905309754006,-1.9132022019478505,0
1.2236350697122322,0.8538466814718422,1.0151276072236595,1.4560658069689651,1.2320827019743303,0
-0.11664931481884715,-0.2651882596044328,0.20376506035354974,-0.024932112310670426,-0.3541079010925833,0
1.288848464367187,1.5640995741405046,1.2368233043141381,0.9328314946814259,0.8542234946723835,0
1.270680958263478,1.3865761924335354,1.2405704078404443,0.7250720994019605,0.98087295271111,0
1.0428299747269705,0.7358250709852538,0.46059863178604,0.6087961703402284,0.5367467462501967,1
-0.9211577574275033,-0.9535125267637474,-0.7288043149828863,-0.6776181228688503,-0.7671293203398818,0
1.0674942385313215,0.5891023795299999,0.16354260175900362,0.551370160047761,0.9797930030485754,0
1.46323208685571,1.6256077449732145,1.8379722254903843,1.6954698429589148,1.377565935836332,0
1.8025336917285921,1.5743301797800688,1.602871539398212,1.8215893122749223,1.5161053982101493,0
2.2430692396374123,2.0465269543864952,1.7204159481898902,1.5008061816549065,1.2858776163982433,0
-1.1717764056927489,-0.9229533454133977,-1.2013764761450731,-1.2461069802435907,-0.8896910465765754,0
0.9613489018057458,0.8886842127905815,0.7753573976419952,1.1748768997447505,1.4618911132938879,0
