X0,X1,X2,X3,X4,Y
0.304216926352476,-0.08019253740427579,-0.04283763131942936,0.13984775859360266,-0.32681028908387905,1
0.06834632199603732,-0.40647455415006256,-0.17831465775698171,-0.5609971055055988,-0.46289767695405426,0
-1.6170396649843828,-1.5921751789448786,-1.2142964119532982,-1.4907590661018002,-1.3885663334739584,0
0.8390342649093736,0.2125353183919822,0.20710877414601944,-0.35286137103057436,-0.22159004529557114,1
1.235047244452887,0.9015491503707418,0.37535017082611,0.5311144585114888,0.3927296117162568,1
1.4305921447863417,1.7332764023300178,1.7542509871133232,1.9832105536008147,2.11534522392617,0
-0.31731783373205613,-0.8984042989094985,-1.005358287428024,-1.0491969761644733,-1.0616917127062437,1
0.25743963949508253,0.259720699189379,-0.32100221058526496,-0.5982409270164393,-0.7084339824282502,1
-0.3213676644596439,-0.02064833020803973,0.021386566364636803,0.09950045120519405,-0.17052613311085815,0
0.212644403941211,0.019640453471603703,-0.3855562661706699,-0.20334457979530846,0.020443494062552397,0
0.36099587542655626,0.45350149116945737,0.5159750507928518,0.056878130485635156,0.4960033278267012,0
0.8269252502758913,0.8933370578450266,1.0142389015056419,0.9776420177499229,0.26906335017772076,1
0.4833970897122065,0.3877568452750581,0.3388420343583568,0.24865946507256734,0.24767853215800234,0
-0.258120182540177,0.29872831817095175,0.6589499816185957,0.2887230825284353,-0.4146296009703411,0
0.47347923920702395,-0.004757898810448941,0.4488297083985594,0.21771170132632228,0.5129904492608546,0
0.29698587034398516,-0.09006188920887437,-0.4032200534490818,-0.3172936244676594,-0.5121926240077508,1
0.20047680414335087,0.2073971610867924,-0.034027663894662996,-0.03339910409463703,0.12235097151843002,0
1.3066130951127488,1.2421902107721283,1.1537368167409296,1.2805338049200787,1.8353813011505795,0
1.5754304550363107,1.2581861862880586,1.2658806911981129,1.1370486876215136,0.6909664387310164,1
1.4432982440078002,1.11667921971365,0.7820337583976762,0.7137939179721215,-0.05068484258632894,1
1.9136511278201245,1.9139942272077024,1.7905482650510725,1.439820814988214,1.1528159986691509,1
0.8863279048156331,0.6537357746384492,0.31882891399678737,0.03972477315924769,0.04980641747673417,1
0.4099797474800396,-0.11663258381260289,-0.2714811713553998,-0.3582924074052959,-0.23072817558671466,1
1.8825097125571513,1.8022501963116968,1.113565577618896,1.2407929807626346,0.9191299141260463,1
2.6620425398677394,2.053266144711793,1.3810052884084714,1.4705790987601355,1.7719442840368111,1
1.7610888216918226,1.8440803909425978,1.683801551611166,1.427485523723672,1.4105896271233946,0
0.852647501594529,0.5154010428347254,-0.040895643251760296,-0.5514030987933712,-0.9183119898551069,0
0.7544998305624155,0.8192017055030048,0.6618728882318209,0.2995680749013409,0.2646179463989171,0
-1.047217458479044,-1.3211910303153327,-0.8394609380785796,-1.1650634062120846,-1.4931753661729072,0
0.9478475082577834,1.149064629669914,0.8924369688152549,1.0936367067846697,1.1163229253485467,1
0.481706441439716,0.7698467121752468,0.8997809254299142,1.2981766031199373,0.698867474285234,0
0.3993498272946618,0.11244877092702563,0.7004738773249746,0.6350977354749838,0.3623215563289491,0
1.1655518634856148,1.3918028314916444,1.5857045072722344,1.1303385818769691,1.1010268948769935,0
0.22958850278577175,0.6431091239720892,0.7862023335766649,0.9186075494899014,1.6453770173220006,0
0.23753021519926212,-0.08215000741105447,-0.35681102824808797,-0.1925544911840471,-0.37020659629145847,0
-0.35637510793287,-0.8334358570130435,-0.7420887028049016,-0.6134980965695598,-0.37636814279402775,0
-0.2800119494069691,-0.24820938749926078,-0.6415044913933589,-0.3614686422518265,-0.10392413551725083,0
0.7810765193942766,0.17029940626864126,-0.34294757216601174,-0.5342805566092795,-0.8680042456084605,1
1.1890072393383742,0.5557302777440298,0.4452486917126316,0.36724734694244293,-0.21701216261355333,1
2.5132583549663705,1.7805831686519615,1.7204848416210141,1.74944645787969,1.142486288046685,1
1.1369751531456869,1.0430786823540013,0.4916310200250356,0.18452384298548802,0.35042558622573294,1
-0.0036280452909305157,0.025710570915731805,0.1664376269658674,0.03052069263705924,0.07838582693508538,0
-1.731729810046915,-1.7010544912536032,-1.1271160789196892,-1.0096463997061178,-0.8717854041469785,0
-0.20297767109400766,-0.03150435568404965,0.35368832613866674,0.6838628882135878,0.9111907418448273,0
2.4256823447811646,1.9014903645756889,1.311842146779533,1.0542468976811712,0.5824284318453176,1
0.6008578045585733,0.4048204091502491,1.1970662172003634,1.0871659967837508,1.1801369582522898,0
1.3248935095859178,1.7568376261756034,1.874461819685267,2.019110918503414,2.091666104697022,0
-0.08201149212283587,-0.053949103354086425,-0.4417362330667229,-0.34708783134941423,-0.03916412046254983,1
0.43323582999625054,0.07747994369453726,0.42354303446427827,-0.11079978897159182,-0.5767991227859555,1
0.65914357258435,0.020585027190714256,0.1222159998522501,0.3361363317160886,0.503594337404636,1
-0.5434508516647056,-0.6205192635224486,-0.6416409413362556,0.034770142319905065,-0.033058836996741996,0
1.826898844853423,1.1312270171925398,1.2588712838610174,1.1926954467236626,1.116064840083767,1
0.5923898589473993,0.22728797409793583,-0.07407138032402416,-0.03730301543025516,0.3758539915431658,1
0.6516926164467768,0.34243368867628604,0.6390278680999384,0.823313019295918,0.8557171708669418,1
0.4680611552806487,0.11186391628576994,-0.14685523318810437,0.14580226917831265,0.24492440546885963,0
1.4749168797300274,1.070378238247974,1.0466808346769192,1.48675581537812,1.2188909129702739,0
0.23888884682736666,0.16231425188430093,-0.12385512815317967,-0.23179594097132494,-0.21460088950728679,0
0.5493681105880459,0.40181721218968425,0.14009596798777998,-0.3986849844884577,-0.7409793862396499,1
0.4351513636046921,0.8869506807982692,1.0133048572182133,1.1482484760887743,1.3311400989814839,1
1.824032035878611,1.3887177925419933,1.6833900551686591,1.2797484808621975,1.3121194015266155,1
1.3306065191865317,1.3184661629186567,1.122448867555995,0.6522080483045187,0.6661960654758333,1
2.38641651060174,1.8184222933448877,1.016145363930076,1.1927750588968784,1.076458381401288,1
-0.3980811176907364,-1.263435836593922,-1.6563306432023048,-1.499219428994201,-1.4633791486281837,1
1.3472171283648093,0.42266058391006567,0.22869824634840485,0.053592785632298856,-0.29773421030840624,1
-0.44966944030333833,-1.103407385189551,-1.4341311600271067,-1.0800884845341439,-1.4768167276439532,1
0.5598075788671149,0.43426514284827,0.7772091355229946,0.5169898643046698,0.7773814634526303,0
1.0829143400547958,0.9755882602404075,0.08399407067335488,-0.013584525586887775,-0.12960087121798763,1
0.773482021962382,0.8497201312771135,0.6565767228932163,0.26299623257155186,0.3318741612123301,0
-0.6937757119822469,-0.7458656210568798,-0.9361813419207723,-1.3268351404005794,-0.8332491025078347,0
0.06327658541900094,-0.5736994973497691,-0.4622027130583127,-0.6757056804542014,-0.8471431031547079,1
1.7059139040678248,2.3673868444371444,2.2731254949246495,2.9137451143559856,2.4409374026763797,0
0.22454679546577394,-0.6719910847176811,-1.1267128900869556,-1.396637796683197,-0.7714755884472,1
-1.5081617014262787,-1.6713328498698776,-1.7049007563770033,-1.6533873290975976,-2.0056353184902567,1
0.9719314782918322,0.5875798670529448,0.4859766947922467,0.6085663043960704,0.868638511261483,1
-0.24433652016110807,-0.3354198348858307,-0.46081439878131575,-0.29882700715252125,-0.15006306279753207,0
0.7398051050948353,-0.30440009491014697,-0.8606990581538043,-0.7913872579565997,-0.9524521493982874,1
2.664340896467716,1.9036251747713981,2.134951884963503,1.774008058515057,1.9854201534799634,1
0.14737398422701953,0.1325142693649534,0.3597179307630205,0.5034504130990541,0.8125506731247202,0
-0.47619128348710293,-0.17780820478832748,-0.0009221450942883541,-0.09748125063867577,-0.7284334569679631,0
1.1702483022319148,0.9015196690961855,0.48427729266938757,0.6771210470667687,0.724655911127636,1
-0.2881906034097815,-0.78554158686993,-0.7050657613095225,-0.6696574051099533,-0.8455681799512389,0
1.3406012748287326,0.6874809658167895,-0.03780096531281629,-0.2958763211603521,0.20998679621641833,1
1.1249377960632476,0.545140331402718,0.47384158323415393,0.4015227974717216,-0.2646012156834251,1
-0.8823480760531337,-1.5135925469989402,-1.6188331797191076,-0.7321680759534847,-1.102597331573106,0
1.3720578227108982,0.7884558316832269,0.4533970077974788,0.22948458750791015,0.033271255351208534,1
2.8229027601026813,2.595340152862106,2.1688029365844628,1.6560011680903832,1.5014913001906214,1
-0.9854912380895647,-0.8134869195572481,-1.1848685268542112,-0.9949998233250408,-1.1544588019567075,0
0.7741665722020106,0.0891838618148289,-0.17376872146994163,-0.31896340794184785,-0.38613637102851006,0
0.08288831363743447,-0.23485865548292667,-0.11770821704573736,-0.4848007379379346,-0.4345236474124273,0
0.32168793249889915,-0.048345223745346146,-0.3947548013594053,-0.4404176511103851,-0.4681156614677823,0
-0.7445042593096745,-1.5240423748978102,-1.3257255348635908,-1.5623812633960084,-1.8365484976735809,1
0.6419551891764028,0.3246110126370163,-0.11417736963300334,0.33258701455939643,0.3335472924727292,1
0.20217452313650527,-0.46644635127294387,-0.9856003181440268,-0.9723258500318365,-0.57993377323234,0
-0.42412308562819434,-0.9954486997081802,-1.4354582669686113,-1.1596410987833146,-1.4178070159513798,1
-0.008431402632822271,-0.7961411352088732,-0.7259520242298925,-0.38479265433915566,-0.17386738218255188,1
1.5570483025803066,1.3897205960479975,0.5321456131168463,0.23904760285802473,0.35555378351335043,1
-0.43601891136682797,-0.26882944210827225,-0.3908027724866713,-0.6630401034130426,-0.2259738709053395,0
1.2502699121458145,1.0878942581209512,1.305748680901106,1.0004315014661405,0.8646137439685148,0
0.40847578558958864,0.5734775137826302,0.6464227004835998,0.49197909773396303,0.7738313191985361,0
0.013034946806014015,0.20142126766793075,0.3566941254635727,0.48229183200116293,0.06045264582495798,0
1.5862211481349893,1.1912154548739178,0.3761848900120166,0.2694070959863779,-0.4311757449191294,1
-0.30609930572169053,-0.027573043883125092,-0.3249879773156616,0.06531963844949787,-0.019094327615828244,1
0.4070244772386352,-0.07481845831189218,-0.41852565031739963,-0.15669884132452305,-0.20317829337766252,0
-1.7883693764708544,-1.7194500490681013,-1.7465714923733264,-1.5408132543079625,-1.8805701552280574,0
0.9540924766766228,0.42822418232294995,0.30324337438580173,0.2990759490811818,0.13632470180654913,0
1.5548528937058905,1.101526755590744,0.7370262370413081,0.47180559281545453,0.34819028427014226,1
2.817104682800757,2.84107578831487,2.619508965297822,2.3972546925150784,2.1007681275911487,1
1.7153858811891416,0.8950424492401119,1.002575374853981,0.6884147333878069,0.8953292161419173,1
0.07259701974793376,-1.0476470209455346,-1.1130642495033218,-1.5883348264976342,-1.9614771146828571,1
0.6652358977075459,0.05012164895427934,0.47443838790738146,0.41442344547644383,0.4034242551462783,0
-0.6329976331623982,-0.772134406766043,-0.9957799324165633,-1.0350345505894463,-0.7579716129467049,0
0.12099180090824269,0.09566171642068802,0.3678837998011982,0.28634217796308903,0.6113578332724032,0
-0.6524963440319079,-0.28766564876865575,0.06738984707158485,0.0609086124183065,-0.16766330089963083,0
0.6830275577977047,0.4530995147319872,0.16012741294640603,0.5213246658077109,0.946832483447362,1
-0.3474827986276789,-0.8568217788014459,-0.625014222592579,-0.9887008922154814,-1.051626727568378,0
0.5375771547807783,0.27901892388652894,-0.22353712763720662,-0.26001685394451957,0.12774985412521694,1
0.7876721656736659,0.23441004913292657,-0.2185120206874283,-0.6113299259225837,-1.2417688045792699,1
1.1694422919133212,0.5561682961768376,0.3714504789140503,0.5781040520347818,0.3710977727290278,1
-0.12053042760743723,-0.3253203216542154,-0.36131554170302854,-0.47972739731405106,-0.15096546981386083,0
2.217008228002788,1.426716659665372,1.219545350246749,1.2273294804252504,1.7019053745386905,1
0.5569484873157844,0.7817648342661419,0.06315914443298148,-0.46967466017017034,0.03840343488494771,1
-0.48620401335075797,-0.5307059064968518,-0.15623653541100183,0.5047187347971973,0.8634202208213411,0
0.4179841713471548,0.5001371185955439,0.559918996422109,0.5620589852654404,0.4934642358346318,0
1.2424187803661635,0.5803503690379628,0.35702576601336106,0.18505431650814883,0.6730057262932361,1
2.311143584094217,1.1920995438367843,1.0210951426001493,0.6035311142161623,0.6864000730920751,1
1.2949215332301802,0.6657466944537678,0.9199224494079128,1.1315272800218452,1.5649060762204476,1
0.5623959782647953,0.4028884876287291,0.3647213155861142,1.205902472520065,1.0976634102106921,0
2.003397442983343,1.645882750755501,2.392257763656965,2.950831747420565,2.5301401934749266,1
3.084554216003127,2.384965632797356,2.1353341583813044,2.4620007201043377,2.9822444453405286,1
1.58421975253508,1.3240241801847714,1.5933018555168716,1.7944231561791437,1.489873405678735,0
-0.14660563237997515,-0.8313640956265111,-0.9489629987204409,-0.4695595003342221,-1.0454840746697474,1
-1.2714383723576457,-1.1798653311603549,-0.8850219712559387,-0.7695190655137183,-0.9840470362346347,0
1.8450278144472407,1.8979314145083745,1.5865023097951267,1.4180897922132794,1.0857417836509813,1
-0.4782343847527464,-0.5146579445203363,-0.962970581869294,-0.9759616416724199,-1.136381797522654,1
1.6171320315763755,0.8791129907211069,0.7921780341455751,1.1030437606144028,0.5176325333803833,1
-0.42533516842219565,-0.37031943706112713,-0.43386891215067463,0.005528767383424907,0.42797167741417713,0
0.8121503164367643,0.6809695249574478,-0.09287145650700898,-0.1036111879535014,-0.23049025072185733,0
-1.209731137124886,-1.4259146809278322,-1.5915487896200935,-1.68905309754006,-1.9132022019478505,0
1.2236350697122322,0.8538466814718422,1.0151276072236595,1.4560658069689651,1.2320827019743303,0
0.8833506851811529,0.23481174039556718,0.5370983936868831,0.22506788768932956,-0.15410790109258327,1
1.288848464367187,1.5640995741405046,1.2368233043141381,0.9328314946814259,0.8542234946723835,0
1.270680958263478,1.3865761924335354,1.2405704078404443,0.7250720994019605,0.98087295271111,0
1.0428299747269705,0.7358250709852538,0.46059863178604,0.6087961703402284,0.5367467462501967,1
0.07884224257249672,-0.4535125267637474,-0.395470981649553,-0.42761812286885026,-0.5671293203398817,1
1.0674942385313215,0.5891023795299999,0.16354260175900362,0.551370160047761,0.9797930030485754,0
2.46323208685571,2.1256077449732143,2.171305558823718,1.9454698429589148,1.5775659358363319,1
2.802533691728592,2.074330179780069,1.9362048727315453,2.0715893122749223,1.7161053982101493,1
2.2430692396374123,2.0465269543864952,1.7204159481898902,1.5008061816549065,1.2858776163982433,0
-0.17177640569274888,-0.4229533454133977,-0.8680431428117399,-0.9961069802435907,-0.6896910465765753,1
1.9613489018057457,1.3886842127905816,1.1086907309753284,1.4248768997447505,1.6618911132938878,1
