X0,X1,X2,X3,X4,Y
-0.5973099777996839,0.36365436247521515,-1.279750439910992,-0.15098373086305072,1.0454056618030225,0
0.3333775024489274,-0.3752990656374328,0.9991517908757102,-1.6861089794920354,0.07247389754390215,0
0.2285759497692232,-1.6497680192964745,-0.6780488939365696,-1.1634032046331986,0.47033828725824434,0
0.9453467100754123,-0.8598159558647084,0.5382612849517118,-0.9726019662797428,-0.07051476867758644,0
-0.24352463142311376,0.7370564030972594,-0.49606144582527295,0.8719574547612353,-0.6649978499930049,0
0.07550302410698226,0.44468814609095214,0.9242495031341865,2.0219223803095767,0.599905011640687,0
0.43290855550614427,-0.2578611575305658,-0.40425322305800176,-0.5543735771460246,-0.03209129783148043,1
1.082448457638707,-0.26487006469290286,-1.548833266091438,0.5646743380444293,-1.0731916293307153,0
0.2013576008219586,0.20236235950983858,-1.0644803610374316,0.40573602952426974,0.5580917644704502,0
-0.6791329541028217,0.321615329967422,0.4648531771281036,0.2171730623629625,-1.392686696011902,0
1.218594136259185,-1.113527099821932,1.0647244842918309,0.18436568983466184,-0.33042377990801025,0
0.7710992970198985,0.6247713207098571,-1.803872549566932,0.6381925667771116,1.8678779594675925,0
0.24971264749291588,0.3034405389626048,0.42549509617088754,-0.12206505340459874,-0.1274367811856726,0
1.8433053802345025,0.3201880029629773,-1.8491059508377654,-0.14460270399939004,1.8980646160937942,0
-0.10566675629293942,-0.6865365568056943,1.8344153938414738,-1.056004980486047,0.6955719989522904,0
-0.3852806501838091,0.11823233773542818,-1.0403018483933733,0.039282536416342995,-0.295520753432249,0
0.0442832904560905,0.0420461204725876,0.23810467199790986,0.33193867787674913,-0.8022117834289081,0
-0.3088618603973301,-0.20471298833958032,1.9823306727124417,1.3555354691331065,-0.47703901438266,0
0.6281350314498408,0.7759024694336353,-0.40500375333720484,0.22790215325485647,1.1552326434755895,0
0.6367977524834665,1.744468032360103,-1.366694123944935,-0.07628302356186034,0.47745329547095805,0
1.6633772683761412,0.43819709123555406,-0.31989484259375,1.056215328891725,0.8096590982709833,0
0.8401970603050996,-0.2927789849762815,-0.39962711114077626,0.3992676344024162,-0.48731710767456615,0
-0.25167539213034207,-0.6649656721710502,-0.04855839327989395,-0.18783218766520296,-0.3142377742952741,0
0.4309033015217262,1.4462187148395318,-0.7989989175506105,1.6272626224761586,-0.6274203868275314,0
-0.21683946254921466,0.8800202215031098,1.5707054499357127,1.336047677821583,-1.3968362667649372,0
1.2677562663526514,0.9090329009240884,1.029912864647637,0.7406102144274322,-0.07038657550184681,0
1.418649953430924,1.6171024336931166,-0.08885788392558214,-1.5315655672796489,-1.4955284172914305,0
1.2796058475109715,0.3508799396600518,0.30351456901338236,-0.023135375646641088,-0.35858902465472053,0
0.28453022685153107,-0.4553659262040688,-0.644973042989051,-2.1884003469346394,1.1247833381037702,0
0.11286379998987117,-0.2994890973271207,-0.8123337065336884,2.283002257930135,0.26562391180460293,0
-0.33795083177289964,1.4141998854218596,-1.0479103188227885,0.9204725528670826,1.492497298249885,0
-0.1050186542681153,0.2683048905370117,0.5799019481740927,-1.0036880126224974,1.8535301405039195,0
1.7526181325003565,0.034114507965253726,0.7073734169579057,0.4120672454677585,0.8215513826207891,0
-0.1133452473841631,-1.6333623829396176,1.1575033243168797,2.161703237931882,0.07683611222249405,0
-0.6422738222418407,1.0631900672638215,-0.021792123341134784,-0.5832533758877798,-0.6948012646130921,0
-1.1572629792829918,-0.3910854951647544,0.8112491220224162,-0.9400810448255948,-0.33049082607176117,0
-0.7933586626418191,-0.08425799278714774,-0.08630441490931651,0.7142692844806308,-1.316397007609856,0
0.2900942577029531,0.8044486300275012,-0.8308784350919391,-0.8310986697922385,-0.8962557950113055,0
1.0819559464880464,1.6902856315196595,-0.33907320026863,-0.5813320919814253,0.8655239889614594,1
0.0034989212935080394,2.0115403163179084,0.38534609736781833,-0.24867276988246215,1.1494748377633641,0
1.1343385999398334,-0.34667962130516516,-0.2572635937784878,1.0420946466953063,-1.1287233758462158,0
0.3435865297519921,-0.3521209653375509,0.17559506801084376,-0.10760396666694605,0.3132877663358141,0
-0.8937970750059374,-1.7250553081381708,-0.5739488464042705,-0.5798853989086212,1.1638110509540776,0
-0.8907192276351219,-0.8412456243068023,0.36397943689522383,1.0418422501391569,1.1065029303826885,0
1.0640977135140175,1.9321037314327052,-0.06537358295638152,0.008200795358572543,-0.536995003304553,0
-0.024893556052988597,-0.6515972791240958,1.4746777470585668,-0.3595809708009514,2.1638193847432263,0
0.439979932828316,0.2752481100767539,0.66801073375172,2.080352767990027,0.961980724602275,0
0.8231810665642058,-0.7459943139823273,-0.5754389590908355,1.7217705701185997,-0.6312465670943312,1
1.2981005067839353,-0.38764987799891176,-0.9195777725194437,-1.1777219262385472,1.650066236209899,0
-1.2011043092028488,-0.6130471594484797,0.5178435784793329,0.14023567856154168,0.5165535416262063,0
-1.9887478256935551,0.36896507144255736,-0.4968249729480477,0.5065422224848505,0.14012241344466003,0
-0.14070986305249245,0.30935059303644175,1.0057154351415614,-0.10261373096469756,0.9612024758011122,0
-0.4181705140372946,-0.998825416065756,0.3071964902748479,0.8487554027406317,-0.8146059350433745,0
-0.6922867881879385,-0.7627387060177663,0.03021793809768039,0.7433339820390997,1.4270498223703112,0
-1.0932399260913304,0.7226188699063585,0.7119859678513284,-0.0467254890438851,-0.8365399646353892,0
-1.1863888258453708,1.8694356462330128,0.9757614727894275,0.15130501147903874,0.5068449553411374,0
0.30484501763203814,0.3618792169502849,0.07440421604562841,-0.17673567366905,-0.8895419204522347,0
1.6858241122980202,-0.06634238614956828,-1.3285420384076394,-0.37348429116562665,-0.06648962202962233,0
0.32261337068621543,-1.4795057926405288,-0.8619976835172967,2.665425227672402,1.2221994280621513,0
0.9968679541491103,-0.4621959183220909,1.063562878383975,0.1219616163183781,1.350452883097994,0
1.7039024781370005,-0.46788816054764304,-0.20530695985915237,0.8752736584565275,0.08178094918080756,0
-0.2552372724991859,1.7387518442240015,0.42661825603956216,0.983586816412832,-1.3480701114918245,0
-1.436169829795252,-0.29848199700057565,-0.6149347199244853,-1.155348460768794,-1.227815682353327,0
-0.07284071632351319,1.000840071350026,0.16217355881223647,-1.3644556675505375,-0.018280004987573248,0
-1.5288508493408524,0.4817337649026643,-1.6810269417190735,-0.8299141734501005,-0.3827062603095347,0
0.4801675750374744,-0.6823682499663943,1.3329948419946767,-0.1885439888738436,0.6590593184473748,0
0.7473632301142472,0.6900122254108081,-1.098732074078607,1.0426123272342032,-1.7497922928842844,0
1.3449622670939776,0.16300613085809756,0.4735390643067331,0.08767428091955354,-0.5701804682775912,0
0.6228606539985377,-1.3851529144128778,0.3715680963338405,-0.5332137257360692,-1.4482437578034082,0
-0.0743035310287267,-0.5476640380801336,-0.5120408365554822,-1.2187619411675659,0.5389207430834446,0
-0.20232063829242442,1.9837841878940952,-0.5611457187578937,3.061339221943401,1.3910659049108935,0
-0.4305987883865651,-1.3508595477623995,0.9646721909178917,-0.9101832798061555,-2.0745126518331203,0
-0.4575801787543118,-0.9645104987895794,-2.6723358677500273,-0.6163331985843568,0.35785051894230757,0
-0.5531142195908383,-0.6318271222322271,0.46607440655398213,0.9360030533963362,0.04228855279460774,0
-0.6412218692236764,-0.1338092373884822,0.09946107913906932,0.07850472949142483,-0.5609346244205293,0
-1.0241417338733991,0.9110142164986152,-0.08242230767248851,-1.340467350771654,-1.3788059763467089,0
0.6188165265445865,-0.09155302819065947,2.3323633896374796,0.018705464037193864,0.9938820962781986,0
-0.5461177892146807,-0.6711740364040415,0.8764476078845769,0.5773374995627802,0.43817781422391133,0
0.7468941321717741,0.585922790028722,-1.7338753908357811,-0.37664784389788475,1.1925784314110877,0
-0.3802036632764565,0.2049893292549576,-0.18363644018385816,1.2509659203987604,-0.4932895304513142,0
-0.7389967044093343,0.43087156633516,0.10288598250332542,-1.5597425061336831,0.0175018274238717,0
0.2386616136010182,-0.37716353400003566,1.0420486966629512,0.2173763422671415,-2.285000579780731,0
0.14523026840875125,1.2517623938072278,-0.9047343304465396,-0.8178826908403699,0.885389196514296,0
-3.1834393221165023,1.3477794532891543,-0.74719045183676,-1.0670077265304418,-0.15841556595068867,0
1.4597020980359556,1.1183414561318146,0.29943035870455686,-0.12409058022714492,-0.16912835887033356,1
2.04153659313651,0.9933087107109042,0.621689511059755,0.89681025825169,-0.20704787145922307,0
-0.3790547763588775,0.21144935477283655,-1.5202581159504622,0.08750005750208467,-0.9525548224892149,0
-0.20309251277982904,1.1201475281014224,1.0320635043627977,-1.5864514096675901,-1.0347546734942588,0
0.5405296987826089,-0.23821994185654788,0.6464873750639338,-1.2948013010567174,-0.08209391752687806,0
-0.17852260804368078,0.7715496123093181,0.3393873672179789,-0.8179224843616121,-1.1680161620618024,0
-0.3715892823966723,-0.7907397578839682,-1.0496902754899975,-2.1678280420856226,0.5841453482060759,0
-0.22088611822406,0.7403379438784445,-0.2977449540417792,1.448806361100486,-0.3533400267001385,1
-0.8855527618253977,0.2633313289078044,1.2531968315760371,-1.0503074502983298,-2.301305572192706,0
-1.2463064093929535,0.23137806981544623,-1.5783606911959396,-0.5611353149296694,-0.8146727878503783,0
-1.9058468038392666,-0.846680276796934,0.2592759807028417,-0.33618716054610154,0.17261551308242593,0
1.1992841395495528,0.34437846718639353,-0.20695950049577405,1.0887181287759193,-1.9028221173444786,0
0.6615778030928363,-1.2565602706435852,0.23957574371350493,0.2694510152465009,-0.9225296567146464,0
0.9246125442663641,0.5948580778241562,1.0288985446463856,-0.4114206431254611,0.8267898289055602,0
0.582293848676743,-0.6236373577486478,0.7026883325695485,0.6934468395060298,0.06589583763726403,0
0.057215541109594814,0.661870104917376,-0.8928294573193908,0.18774046177208603,1.0702359830749237,0
0.7677917562887128,2.2061163865542412,-1.4423730023468704,-0.0945479564371493,-1.0074385203784006,0
-0.5481988971154246,-0.6231165467113391,-2.0534357073095633,1.9998654955524382,0.08465390467825584,0
-1.10460661749344,1.1226916700247922,0.47481690272378396,-0.5945568997535797,-1.0499830827956629,0
-0.7524734152532959,-0.13882623971134017,-2.0451911393381086,-0.8210638103927999,-0.036383519176992285,0
-0.31875497430858507,1.263695054342981,0.8942821193558111,-0.9947153557068397,-0.3175008656083099,0
0.7553244668807654,0.49633812790477366,0.06215757304570463,0.0715652741300179,-0.4132170805124453,0
1.6061650458674779,1.1078850596951995,0.19676535649746862,1.79716881847673,0.8388150182779625,0
0.21121447412691946,-0.38803970189292103,1.6089902221833627,-0.5464372056074868,0.3837113876432721,0
0.13375342192461045,0.1521176186247778,-0.4424158984707629,-3.0439753081665626,-0.21934258274652751,0
-0.5451079940534564,0.251725288446912,1.5179887638457559,-1.3691454662780966,0.9585393824416912,0
-0.3007651208255267,-0.5995314819621448,0.05526340489362337,-0.4064709265127888,-1.2016827724257546,0
0.012762481851684437,-0.9084279078835986,0.9525493566459219,0.19517253954630742,0.4316456275647145,0
0.3354254594555958,-0.4748959993422439,-1.0440925977995303,0.2620204856413576,1.3426747219275943,0
-1.0890938279063591,-0.8463727467280628,0.21996980533992117,1.759025944644033,-0.5340401360633303,0
0.20371146039403326,-0.24375840927817738,0.437928974565235,-2.1426155288331117,0.1281734560158892,0
-0.047061694135820925,-0.8792177478380988,-0.05897807754175402,0.9744248814791687,-1.3471094237028858,0
1.0119304284631705,1.1693542911869093,-1.3900996505643268,-1.3371455705786177,-0.4743400432697882,0
-0.7963351650608688,0.6823786408400832,-0.07840051035682971,0.08564818663983245,0.2104271583629402,0
-0.11055469208980598,-0.6422499950658155,0.7532764470266253,-0.3951877913241436,-0.6648944994645919,0
0.47880676878120254,0.3670864870918106,2.498693195535636,0.8914422755344038,-0.3008049543163202,1
2.8800657264710616,-1.0002565538370187,-0.18342317078406395,1.841918897382478,-1.7961992200293702,1
-2.1646625854429007,-0.8938845216580795,0.6269056966725177,1.013368972557226,0.8804609418695003,0
0.21953396485495083,0.2486123298118239,0.12261159136687044,0.3463945998867508,0.4047125884114111,0
-0.12966004710943654,-0.8523568503056406,1.3405673772825384,0.18663701598226762,-0.8033986149165244,0
1.370922136718733,1.0694914676930116,2.2720230618856534,-0.9971079603539867,-0.19979543734705174,1
-0.17248411883319115,-0.4747107224183822,1.9208243894733787,1.0199964786463465,1.052195954634339,1
-2.2305783854531573,1.209316738217903,0.29263085409475487,1.0973249673990593,0.43113007824521554,0
-1.309775750628707,0.6664887164756254,0.5329982675133899,1.352678861353553,3.67401642509199,0
-1.0420748015455952,0.4379650898653273,2.7117839820654717,1.88480057339657,-0.23954505632701487,0
-0.3937627477820198,1.451055900020314,1.0675133706086182,0.11637973264064577,1.404792191360072,0
-1.794194677818695,0.8800324868048298,-1.6050531995716861,-0.7817200105687295,0.5310375276235262,0
-0.48154250942070354,-0.5249706875861606,-1.2007305756202256,-0.5390603819532258,0.8704747578851415,0
1.2923712993125251,0.7794067722021356,-0.6794251884112991,1.4147901646717884,0.4167390189599178,0
0.14214528178930347,-0.49062642536281753,-2.0423151561707726,0.4183912595463107,-0.7241355581696636,0
0.02331148072031064,2.2156717458842725,0.07835985015810204,-0.015098353618129057,1.1553340072944134,1
-1.3666777762369196,-0.7402101976083584,0.3433227042230103,1.08274400289572,-0.4745699699297801,0
0.2935452052601044,1.556393154797934,-0.11636787614792399,0.04903586727560738,-2.0021377809732708,0
-0.18596535620368,0.04343779401134981,-1.164990464896631,-1.562806970706381,-0.7483161095496368,0
-1.2679164643323764,1.4370510677059638,0.9842159728593133,0.13042950246137755,0.9588174353658945,0
0.4240077166099738,0.04224498929236109,-0.14160069357782679,-1.228305211696055,1.4536795120122639,0
1.5833332722610016,0.8123746588394292,0.22007361601558195,0.8573586859965717,-0.5009777513260301,0
1.7511798245960246,-0.10211319364175941,1.1843135764348511,0.4603505103675846,-0.5301547124983316,0
0.6771170084881951,0.7215156079842441,-0.006673347054214518,1.1137813778460552,0.16035652541645382,1
-0.41905493534894506,-0.48749694573086866,-0.6189833353479964,-0.6189231066991286,0.5129680255431492,0
-1.4542578748137116,0.6897392416030895,1.7675324361217326,0.5003947534470307,-1.5426238944010189,0
1.0391561527490976,0.9954143404997785,0.44248106899564293,0.5742607273787552,1.3483167156045315,0
-0.29067809642100906,1.811498613841143,0.9927294846970461,0.3730929444835135,0.7936796032479512,0
1.0594104129760737,1.9197370837739927,1.1947522867483904,0.1495567698427989,-0.40125013847601093,0
0.048860126023513376,-1.2162439869796504,-0.6787660544597833,0.37662871927440356,-1.3141974595601336,0
-1.0060297439676802,0.3616076798367296,1.197752940537038,1.285469296571802,-0.23917059747330627,0
