X0,X1,X2,X3,X4,Y
0.304216926352476,-0.08019253740427579,-0.04283763131942936,0.13984775859360266,-0.32681028908387905,1
1.0683463219960374,0.09352544584993744,0.1550186755763516,-0.3109971055055988,-0.26289767695405425,1
-0.6170396649843828,-1.0921751789448786,-0.8809630786199649,-1.2407590661018002,-1.1885663334739585,1
0.8390342649093736,0.2125353183919822,0.20710877414601944,-0.35286137103057436,-0.22159004529557114,1
0.23504724445288713,0.40154915037074185,0.042016837492776654,0.28111445851148875,0.1927296117162568,0
2.430592144786342,2.233276402330018,2.0875843204466564,2.2332105536008147,2.3153452239261703,1
-1.3173178337320561,-1.3984042989094985,-1.3386916207613573,-1.2991969761644733,-1.2616917127062437,0
0.25743963949508253,0.259720699189379,-0.32100221058526496,-0.5982409270164393,-0.7084339824282502,1
0.6786323355403561,0.47935166979196026,0.35471989969797013,0.349500451205194,0.02947386688914186,1
1.212644403941211,0.5196404534716037,-0.05222293283733659,0.046655420204691544,0.2204434940625524,1
1.3609958754265563,0.9535014911694574,0.849308384126185,0.30687813048563517,0.6960033278267013,1
-0.17307474972410875,0.3933370578450266,0.6809055681723086,0.7276420177499229,0.06906335017772075,0
1.4833970897122066,0.8877568452750582,0.6721753676916902,0.4986594650725673,0.44767853215800235,1
0.741879817459823,0.7987283181709517,0.992283314951929,0.5387230825284353,-0.21462960097034106,1
1.473479239207024,0.49524210118955103,0.7821630417318928,0.4677117013263223,0.7129904492608545,1
-0.7030141296560148,-0.5900618892088744,-0.7365533867824151,-0.5672936244676594,-0.7121926240077507,0
1.200476804143351,0.7073971610867924,0.2993056694386703,0.21660089590536297,0.32235097151843006,1
2.306613095112749,1.7421902107721283,1.487070150074263,1.5305338049200787,2.0353813011505797,1
1.5754304550363107,1.2581861862880586,1.2658806911981129,1.1370486876215136,0.6909664387310164,1
1.4432982440078002,1.11667921971365,0.7820337583976762,0.7137939179721215,-0.05068484258632894,1
1.9136511278201245,1.9139942272077024,1.7905482650510725,1.439820814988214,1.1528159986691509,1
-0.11367209518436697,0.15373577463844926,-0.014504419336545922,-0.2102752268407523,-0.15019358252326584,0
-0.5900202525199604,-0.6166325838126029,-0.6048145046887331,-0.6082924074052959,-0.43072817558671467,0
1.8825097125571513,1.8022501963116968,1.113565577618896,1.2407929807626346,0.9191299141260463,1
1.6620425398677392,1.553266144711793,1.047671955075138,1.2205790987601355,1.5719442840368112,0
2.7610888216918226,2.344080390942598,2.0171348849444994,1.677485523723672,1.6105896271233946,1
1.852647501594529,1.0154010428347253,0.292437690081573,-0.30140309879337124,-0.7183119898551069,1
1.7544998305624155,1.3192017055030048,0.9952062215651543,0.549568074901341,0.4646179463989171,1
-0.047217458479043906,-0.8211910303153327,-0.5061276047452463,-0.9150634062120846,-1.2931753661729073,1
0.9478475082577834,1.149064629669914,0.8924369688152549,1.0936367067846697,1.1163229253485467,1
1.481706441439716,1.2698467121752468,1.2331142587632475,1.5481766031199373,0.8988674742852341,1
1.3993498272946618,0.6124487709270257,1.0338072106583078,0.8850977354749838,0.5623215563289491,1
2.165551863485615,1.8918028314916444,1.9190378406055677,1.3803385818769691,1.3010268948769934,1
1.2295885027857718,1.1431091239720892,1.1195356669099983,1.1686075494899013,1.8453770173220005,1
1.2375302151992622,0.4178499925889455,-0.023477694914754654,0.057445508815952895,-0.17020659629145846,1
0.6436248920671299,-0.33343585701304346,-0.40875536947156826,-0.3634980965695598,-0.17636814279402774,1
0.719988050593031,0.2517906125007392,-0.30817115806002554,-0.11146864225182651,0.09607586448274918,1
-0.21892348060572342,-0.32970059373135874,-0.676280905499345,-0.7842805566092795,-1.0680042456084604,0
0.1890072393383742,0.0557302777440298,0.1119153583792983,0.11724734694244292,-0.41701216261355334,0
2.5132583549663705,1.7805831686519615,1.7204848416210141,1.74944645787969,1.142486288046685,1
1.1369751531456869,1.0430786823540013,0.4916310200250356,0.18452384298548802,0.35042558622573294,1
0.9963719547090695,0.5257105709157318,0.4997709602992007,0.28052069263705925,0.2783858269350854,1
-0.731729810046915,-1.2010544912536032,-0.793782745586356,-0.7596463997061178,-0.6717854041469784,1
0.7970223289059923,0.46849564431595037,0.687021659472,0.9338628882135878,1.1111907418448272,1
1.4256823447811646,1.4014903645756889,0.9785088134461997,0.8042468976811712,0.38242843184531755,0
1.6008578045585733,0.9048204091502491,1.5303995505336967,1.3371659967837508,1.3801369582522898,1
2.324893509585918,2.2568376261756034,2.2077951530186004,2.269110918503414,2.2916661046970224,1
-1.0820114921228359,-0.5539491033540864,-0.7750695664000562,-0.5970878313494142,-0.23916412046254984,0
0.43323582999625054,0.07747994369453726,0.42354303446427827,-0.11079978897159182,-0.5767991227859555,1
0.65914357258435,0.020585027190714256,0.1222159998522501,0.3361363317160886,0.503594337404636,1
0.45654914833529436,-0.12051926352244857,-0.3083076080029223,0.28477014231990505,0.166941163003258,1
0.8268988448534229,0.6312270171925398,0.9255379505276841,0.9426954467236625,0.9160648400837669,0
0.5923898589473993,0.22728797409793583,-0.07407138032402416,-0.03730301543025516,0.3758539915431658,1
0.6516926164467768,0.34243368867628604,0.6390278680999384,0.823313019295918,0.8557171708669418,1
1.4680611552806486,0.61186391628577,0.18647810014522895,0.3958022691783126,0.44492440546885964,1
2.4749168797300274,1.570378238247974,1.3800141680102525,1.73675581537812,1.4188909129702738,1
1.2388888468273667,0.6623142518843009,0.20947820518015364,0.018204059028675057,-0.014600889507286774,1
0.5493681105880459,0.40181721218968425,0.14009596798777998,-0.3986849844884577,-0.7409793862396499,1
-0.5648486363953079,0.3869506807982692,0.6799715238848799,0.8982484760887745,1.131140098981484,0
1.824032035878611,1.3887177925419933,1.6833900551686591,1.2797484808621975,1.3121194015266155,1
1.3306065191865317,1.3184661629186567,1.122448867555995,0.6522080483045187,0.6661960654758333,1
2.38641651060174,1.8184222933448877,1.016145363930076,1.1927750588968784,1.076458381401288,1
-0.3980811176907364,-1.263435836593922,-1.6563306432023048,-1.499219428994201,-1.4633791486281837,1
1.3472171283648093,0.42266058391006567,0.22869824634840485,0.053592785632298856,-0.29773421030840624,1
-1.4496694403033383,-1.603407385189551,-1.76746449336044,-1.3300884845341439,-1.6768167276439532,0
1.5598075788671149,0.93426514284827,1.110542468856328,0.7669898643046698,0.9773814634526303,1
0.08291434005479574,0.47558826024040746,-0.24933926265997844,-0.2635845255868878,-0.32960087121798765,0
1.7734820219623821,1.3497201312771137,0.9899100562265497,0.5129962325715518,0.5318741612123301,1
0.30622428801775314,-0.2458656210568798,-0.602848008587439,-1.0768351404005794,-0.6332491025078346,1
0.06327658541900094,-0.5736994973497691,-0.4622027130583127,-0.6757056804542014,-0.8471431031547079,1
2.705913904067825,2.8673868444371444,2.606458828257983,3.1637451143559856,2.64093740267638,1
-0.7754532045342261,-1.171991084717681,-1.460046223420289,-1.646637796683197,-0.9714755884472001,0
-1.5081617014262787,-1.6713328498698776,-1.7049007563770033,-1.6533873290975976,-2.0056353184902567,1
-0.028068521708167746,0.08757986705294486,0.15264336145891336,0.3585663043960704,0.668638511261483,0
0.7556634798388919,0.16458016511416929,-0.12748106544798243,-0.04882700715252125,0.049936937202467946,1
0.7398051050948353,-0.30440009491014697,-0.8606990581538043,-0.7913872579565997,-0.9524521493982874,1
2.664340896467716,1.9036251747713981,2.134951884963503,1.774008058515057,1.9854201534799634,1
1.1473739842270194,0.6325142693649534,0.6930512640963538,0.7534504130990541,1.0125506731247202,1
0.5238087165128971,0.3221917952116725,0.332411188239045,0.15251874936132423,-0.5284334569679632,1
1.1702483022319148,0.9015196690961855,0.48427729266938757,0.6771210470667687,0.724655911127636,1
0.7118093965902186,-0.28554158686993003,-0.37173242797618916,-0.4196574051099533,-0.6455681799512389,1
1.3406012748287326,0.6874809658167895,-0.03780096531281629,-0.2958763211603521,0.20998679621641833,1
1.1249377960632476,0.545140331402718,0.47384158323415393,0.4015227974717216,-0.2646012156834251,1
0.1176519239468663,-1.0135925469989402,-1.2854998463857743,-0.48216807595348465,-0.902597331573106,1
0.37205782271089816,0.28845583168322686,0.12006367446414552,-0.02051541249208986,-0.16672874464879148,0
1.8229027601026813,2.095340152862106,1.8354696032511293,1.4060011680903832,1.3014913001906214,0
0.014508761910435264,-0.31348691955724806,-0.8515351935208779,-0.7449998233250408,-0.9544588019567075,1
1.7741665722020106,0.5891838618148288,0.1595646118633917,-0.06896340794184785,-0.18613637102851005,1
1.0828883136374345,0.26514134451707333,0.21562511628759595,-0.2348007379379346,-0.23452364741242732,1
1.3216879324988993,0.45165477625465383,-0.06142146802607201,-0.1904176511103851,-0.26811566146778226,1
-1.7445042593096745,-2.0240423748978102,-1.659058868196924,-1.8123812633960084,-2.036548497673581,0
-0.3580448108235971,-0.17538898736298372,-0.44751070296633666,0.08258701455939646,0.13354729247272915,0
1.2021745231365053,0.03355364872705613,-0.6522669848106935,-0.7223258500318365,-0.37993377323233996,1
-1.4241230856281943,-1.4954486997081802,-1.7687916003019446,-1.4096410987833146,-1.6178070159513798,0
-0.008431402632822271,-0.7961411352088732,-0.7259520242298925,-0.38479265433915566,-0.17386738218255188,1
1.5570483025803066,1.3897205960479975,0.5321456131168463,0.23904760285802473,0.35555378351335043,1
0.563981088633172,0.23117055789172775,-0.057469439153337964,-0.41304010341304265,-0.02597387090533948,1
2.2502699121458143,1.5878942581209512,1.6390820142344393,1.2504315014661405,1.0646137439685148,1
1.4084757855895886,1.0734775137826302,0.9797560338169331,0.7419790977339631,0.9738313191985362,1
1.013034946806014,0.7014212676679308,0.690027458796906,0.7322918320011629,0.260452645824958,1
1.5862211481349893,1.1912154548739178,0.3761848900120166,0.2694070959863779,-0.4311757449191294,1
-0.30609930572169053,-0.027573043883125092,-0.3249879773156616,0.06531963844949787,-0.019094327615828244,1
1.407024477238635,0.42518154168810784,-0.08519231698406632,0.09330115867547695,-0.003178293377662511,1
-0.7883693764708544,-1.2194500490681013,-1.4132381590399932,-1.2908132543079625,-1.6805701552280574,1
1.9540924766766228,0.92822418232295,0.6365767077191351,0.5490759490811818,0.33632470180654916,1
1.5548528937058905,1.101526755590744,0.7370262370413081,0.47180559281545453,0.34819028427014226,1
1.8171046828007567,2.34107578831487,2.2861756319644884,2.1472546925150784,1.9007681275911485,0
1.7153858811891416,0.8950424492401119,1.002575374853981,0.6884147333878069,0.8953292161419173,1
-0.9274029802520662,-1.5476470209455346,-1.446397582836655,-1.8383348264976342,-2.161477114682857,0
1.6652358977075459,0.5501216489542793,0.8077717212407147,0.6644234454764438,0.6034242551462783,1
0.3670023668376018,-0.27213440676604295,-0.66244659908323,-0.7850345505894463,-0.5579716129467049,1
1.1209918009082427,0.595661716420688,0.7012171331345315,0.536342177963089,0.8113578332724032,1
0.3475036559680921,0.21233435123134425,0.40072318040491817,0.3109086124183065,0.03233669910036918,1
-0.3169724422022953,-0.046900485268012826,-0.17320592038692728,0.27132466580771086,0.746832483447362,0
0.652517201372321,-0.35682177880144594,-0.2916808892592457,-0.7387008922154814,-0.851626727568378,1
0.5375771547807783,0.27901892388652894,-0.22353712763720662,-0.26001685394451957,0.12774985412521694,1
0.7876721656736659,0.23441004913292657,-0.2185120206874283,-0.6113299259225837,-1.2417688045792699,1
1.1694422919133212,0.5561682961768376,0.3714504789140503,0.5781040520347818,0.3710977727290278,1
0.8794695723925627,0.17467967834578457,-0.027982208369695227,-0.22972739731405106,0.04903453018613918,1
1.2170082280027879,0.926716659665372,0.8862120169134158,0.9773294804252505,1.5019053745386906,0
-0.44305151268421555,0.2817648342661418,-0.27017418890035183,-0.7196746601701703,-0.1615965651150523,0
0.5137959866492421,-0.030705906496851787,0.1770967979223315,0.7547187347971973,1.063420220821341,1
1.4179841713471548,1.0001371185955439,0.8932523297554422,0.8120589852654404,0.6934642358346318,1
1.2424187803661635,0.5803503690379628,0.35702576601336106,0.18505431650814883,0.6730057262932361,1
1.3111435840942167,0.6920995438367843,0.6877618092668161,0.35353111421616235,0.48640007309207506,0
0.29492153323018017,0.16574669445376772,0.5865891160745795,0.8815272800218452,1.3649060762204477,0
1.5623959782647954,0.9028884876287291,0.6980546489194475,1.455902472520065,1.297663410210692,1
2.003397442983343,1.645882750755501,2.392257763656965,2.950831747420565,2.5301401934749266,1
2.084554216003127,1.8849656327973563,1.802000825047971,2.2120007201043377,2.7822444453405284,0
2.58421975253508,1.8240241801847714,1.926635188850205,2.0444231561791435,1.689873405678735,1
-1.1466056323799751,-1.3313640956265111,-1.2822963320537741,-0.7195595003342221,-1.2454840746697473,0
-0.2714383723576457,-0.6798653311603549,-0.5516886379226054,-0.5195190655137183,-0.7840470362346348,1
1.8450278144472407,1.8979314145083745,1.5865023097951267,1.4180897922132794,1.0857417836509813,1
-1.4782343847527464,-1.0146579445203363,-1.2963039152026272,-1.22596164167242,-1.336381797522654,0
0.6171320315763756,0.37911299072110693,0.4588447008122417,0.8530437606144028,0.31763253338038333,0
0.5746648315778043,0.12968056293887287,-0.10053557881734132,0.2555287673834249,0.6279716774141771,1
1.8121503164367643,1.180969524957448,0.24046187682632433,0.14638881204649862,-0.03049025072185732,1
-0.209731137124886,-0.9259146809278322,-1.2582154562867602,-1.43905309754006,-1.7132022019478506,1
2.2236350697122322,1.3538466814718422,1.3484609405569927,1.7060658069689651,1.4320827019743303,1
0.8833506851811529,0.23481174039556718,0.5370983936868831,0.22506788768932956,-0.15410790109258327,1
2.288848464367187,2.0640995741405046,1.5701566376474714,1.1828314946814258,1.0542234946723834,1
2.270680958263478,1.8865761924335354,1.5739037411737775,0.9750720994019605,1.18087295271111,1
0.04282997472697045,0.2358250709852538,0.1272652984527067,0.35879617034022837,0.3367467462501966,0
0.07884224257249672,-0.4535125267637474,-0.395470981649553,-0.42761812286885026,-0.5671293203398817,1
2.0674942385313217,1.0891023795299999,0.49687593509233696,0.801370160047761,1.1797930030485755,1
1.46323208685571,1.6256077449732145,1.8379722254903843,1.6954698429589148,1.377565935836332,0
1.8025336917285921,1.5743301797800688,1.602871539398212,1.8215893122749223,1.5161053982101493,0
3.2430692396374123,2.5465269543864952,2.0537492815232237,1.7508061816549065,1.4858776163982432,1
-1.1717764056927489,-0.9229533454133977,-1.2013764761450731,-1.2461069802435907,-0.8896910465765754,0
0.9613489018057458,0.8886842127905815,0.7753573976419952,1.1748768997447505,1.4618911132938879,0
